1.963349661186081230e-02
2.272126091711275039e-02
2.603171361076533213e-02
2.956492103681073944e-02
3.332094398723445955e-02
3.729984236980152246e-02
4.150167946224125881e-02
4.592652599617200182e-02
5.057446427063182898e-02
5.544559245836461897e-02
6.054002923963555660e-02
6.585791887900829811e-02
7.139943684622918063e-02
7.716479607444484690e-02
8.315425394309637619e-02
8.936812007095482069e-02
9.580676500396459461e-02
1.024706298833934909e-01
1.093602371823456793e-01
1.164762026018569679e-01
1.238192482216414758e-01
1.313902170063671881e-01
1.391900887740994130e-01
1.472199977406438154e-01
1.554812517621451395e-01
1.639753534084303910e-01
1.727040230089018358e-01
1.816692238285958771e-01
1.908731895442468129e-01
2.003184542093561227e-01
2.100078849148285798e-01
2.199447173785205878e-01
2.301325947193879617e-01
2.405756097044688124e-01
2.512783507950816508e-01
2.622459523538250847e-01
2.734841494284524499e-01
2.849993375797347794e-01
2.967986382851455218e-01
3.088899705291448528e-01
3.212821292698350706e-01
3.339848715846747140e-01
3.470090114037989726e-01
3.603665238876590515e-01
3.740706606655447852e-01
3.881360773374459283e-01
4.025789748738685669e-01
4.174172568047195275e-01
4.326707044078509368e-01
4.483611724759743455e-01
4.645128086799379385e-01
4.811523000807932937e-01
4.983091509627602944e-01
5.160159969328439455e-01
5.343089611337044076e-01
5.532280595403807899e-01
5.728176636481088213e-01
5.931270305146324473e-01
6.142109121476568845e-01
6.361302587233271799e-01
6.589530332111195321e-01
6.827551588500465618e-01
7.076216257595679959e-01
7.336477890494486065e-01
7.609408985509894530e-01
7.896219101672745655e-01
8.198276415001490847e-01
8.517133509409147152e-01
8.854558407632872052e-01
9.212572131086210758e-01
9.593494451555150127e-01
1.000000000000000000e+00
