2.197769859877969981e-02
2.507134687106142915e-02
2.836628465762540061e-02
3.186256906844046888e-02
3.556025558702422679e-02
3.945940188001850063e-02
4.356007137950557162e-02
4.786233682589628030e-02
5.236628392030587276e-02
5.707201520606913769e-02
6.197965427958691126e-02
6.708935041661827359e-02
7.240128369138178199e-02
7.791567066044260970e-02
8.363277068013243165e-02
8.955289292500231979e-02
9.567640417561565358e-02
1.020037374437802874e-01
1.085354015069439071e-01
1.152719914252971628e-01
1.222142001192056265e-01
1.293628310887557642e-01
1.367188123620729223e-01
1.442832117656480118e-01
1.520572536163843913e-01
1.600423369418325636e-01
1.682400553476737781e-01
1.766522186566512331e-01
1.852808764607346559e-01
1.941283437378894250e-01
2.031972287034411184e-01
2.124904630828619301e-01
2.220113350142176312e-01
2.317635248148607885e-01
2.417511438704722793e-01
2.519787769429474023e-01
2.624515282260947990e-01
2.731750715235537474e-01
2.841557049735430884e-01
2.954004108039842147e-01
3.069169206628373781e-01
3.187137871568967440e-01
3.308004623120568977e-01
3.431873837807734029e-01
3.558860697417579044e-01
3.689092235820493060e-01
3.822708496216175589e-01
3.959863813311776948e-01
4.100728237401509158e-01
4.245489119856932225e-01
4.394352883012556665e-01
4.547547001115985754e-01
4.705322223645996282e-01
4.867955077824159260e-01
5.035750693693645808e-01
5.209046002996293723e-01
5.388213372720835892e-01
5.573664745766314654e-01
5.765856375148548096e-01
5.965294255750669405e-01
6.172540378519446591e-01
6.388219958494840700e-01
6.613029820574974904e-01
6.847748167547137443e-01
7.093246006109498181e-01
7.350500571077014378e-01
7.620611170004311097e-01
7.904817975369763383e-01
8.204524426799542081e-01
8.521324081234059600e-01
8.857032978711235627e-01
9.213728894175423623e-01
9.593799249302388255e-01
1.000000000000000000e+00
