2.038081838245594038e-02
2.390010030849859177e-02
2.769675189882399996e-02
3.177084824940701324e-02
3.612246035556318513e-02
4.075166015705317113e-02
4.565852560749001504e-02
5.084314590994900435e-02
5.630562707712272880e-02
6.204609797495206497e-02
6.806471700285497695e-02
7.436167955647977890e-02
8.093722641284070707e-02
8.779165317423817672e-02
9.492532090500631348e-02
1.023386680966242440e-01
1.100322240979661470e-01
1.180066241527661514e-01
1.262626261913832315e-01
1.348011295306630886e-01
1.436231956466344772e-01
1.527300711918443687e-01
1.621232134452276763e-01
1.718043183931052820e-01
1.817753516599854013e-01
1.920385825239374622e-01
2.025966212776031672e-01
2.134524602174656671e-01
2.246095185805912497e-01
2.360716917777057611e-01
2.478434053170827933e-01
2.599296738611173718e-01
2.723361659137416013e-01
2.850692747025644902e-01
2.981361958985652705e-01
3.115450129058152107e-01
3.253047905594831368e-01
3.394256781925782396e-01
3.539190231850590229e-01
3.687974962689719027e-01
3.840752300774871730e-01
3.997679726539409839e-01
4.158932579250772532e-01
4.324705954736456914e-01
4.495216823422907848e-01
4.670706400806352576e-01
4.851442807924218337e-01
5.037724066513334931e-01
5.229881481281484223e-01
5.428283472005039911e-01
5.633339929629262999e-01
5.845507185604887912e-01
6.065293701047888009e-01
6.293266604278181520e-01
6.530059232470220021e-01
6.776379866210615610e-01
7.033021887733041932e-01
7.300875646028300858e-01
7.580942377593540282e-01
7.874350616060399322e-01
8.182375630508428310e-01
8.506462570704337312e-01
8.848254175763315965e-01
9.209624136870288025e-01
9.592717511984132361e-01
1.000000000000000000e+00
