2.100632390938178898e-02
2.449228946031340240e-02
2.824295506008494064e-02
3.225839190907862919e-02
3.653866976140576067e-02
4.108386099399357477e-02
4.589404494057508499e-02
5.096931256925671394e-02
5.630977159716298031e-02
6.191555214549640529e-02
6.778681304388989304e-02
7.392374889611155742e-02
8.032659802113299718e-02
8.699565138474064929e-02
9.393126263917414565e-02
1.011338593903005068e-01
1.086039558157942397e-01
1.163421667617027533e-01
1.243492234510886890e-01
1.326259909444557350e-01
1.411734875001323108e-01
1.499929059921188412e-01
1.590856375543605872e-01
1.684532976323014353e-01
1.780977546389296562e-01
1.880211614284046651e-01
1.982259898219163319e-01
2.087150684432743375e-01
2.194916241485356523e-01
2.305593273669726273e-01
2.419223417065490267e-01
2.535853782198971285e-01
2.655537547795262521e-01
2.778334610647130720e-01
2.904312297356949624e-01
3.033546144482019424e-01
3.166120754522948610e-01
3.302130736355686214e-01
3.441681739884360214e-01
3.584891596276854053e-01
3.731891576859870940e-01
3.882827785856315383e-01
4.037862704528594193e-01
4.197176907264628665e-01
4.360970973520351124e-01
4.529467623629767070e-01
4.702914111280624976e-01
4.881584911422054973e-01
5.065784749076136517e-01
5.255852023262479467e-01
5.452162689953398145e-01
5.655134680708723272e-01
5.865232948309729855e-01
6.082975249144267904e-01
6.308938794815416307e-01
6.543767932935177223e-01
6.788183052136480544e-01
7.042990949221346053e-01
7.309096950758552369e-01
7.587519150038619653e-01
7.879405207461928073e-01
8.186052274179624888e-01
8.508930742229734445e-01
8.849712711807815602e-01
9.210306310080252912e-01
9.592897319160545999e-01
1.000000000000000000e+00
