2.219649374671453859e-02
2.605549784879319930e-02
3.022139707862803865e-02
3.469425256523446521e-02
3.947412510081671488e-02
4.456108129290264203e-02
4.995519940509692697e-02
5.565657532472571140e-02
6.166532897789981510e-02
6.798161144052577987e-02
7.460561295077336452e-02
8.153757200367516000e-02
8.877778569555166976e-02
9.632662148044397743e-02
1.041845304995308863e-01
1.123520626481789714e-01
1.208298835492800510e-01
1.296187936105187566e-01
1.387197493512635493e-01
1.481338871967630977e-01
1.578625499502330776e-01
1.679073161689082772e-01
1.782700326883055186e-01
1.889528505588825846e-01
1.999582646847273548e-01
2.112891574811301687e-01
2.229488469003859386e-01
2.349411392157727541e-01
2.472703869943006783e-01
2.599415527456322428e-01
2.729602787929132357e-01
2.863329639835938689e-01
3.000668479439695946e-01
3.141701036786099244e-01
3.286519394298178520e-01
3.435227108551595632e-01
3.587940447357731433e-01
3.744789756150763149e-01
3.905920970043082474e-01
4.071497290385498458e-01
4.241701047907404099e-01
4.416735778249136213e-01
4.596828540015348574e-01
4.782232510931926917e-01
4.973229903920915462e-01
5.170135252474636900e-01
5.373299124158288365e-01
5.583112331787981608e-01
5.800010725773746545e-01
6.024480667231623121e-01
6.257065301959569004e-01
6.498371780091862782e-01
6.749079597100785533e-01
7.009950270126088512e-01
7.281838611516546766e-01
7.565705921831707981e-01
7.862635500663566201e-01
8.173850971037349700e-01
8.500738037751872644e-01
8.844870460777330967e-01
9.208041234986942269e-01
9.592300241378310943e-01
1.000000000000000000e+00
