2.094311794889587922e-02
2.442939971274973865e-02
2.818065375748739221e-02
3.219689953449469261e-02
3.647816443707854045e-02
4.102448620354684494e-02
4.583591582843194595e-02
5.091252104906660025e-02
5.625439047919729429e-02
6.186163846545894573e-02
6.773441074745413515e-02
7.387289100638814998e-02
8.027730839245282579e-02
8.694794612601698669e-02
9.388515127292750007e-02
1.010893458003980228e-01
1.085610390256048358e-01
1.163008415759275993e-01
1.243094809879221885e-01
1.325878190788314370e-01
1.411368712353101296e-01
1.499578277728639830e-01
1.590520775327514680e-01
1.684212338950722143e-01
1.780671634030538408e-01
1.879920172117656996e-01
1.981982655925177417e-01
2.086887357522199393e-01
2.194666532488609434e-01
2.305356873219378822e-01
2.419000004888191835e-01
2.535643028039586411e-01
2.655339112282533165e-01
2.778148146119274742e-01
2.904137448654943165e-01
3.033382549707364095e-01
3.165968045793913777e-01
3.301988540533055128e-01
3.441549679286149410e-01
3.584769289396897984e-01
3.731778639070786330e-01
3.882723830093157136e-01
4.037767341988413583e-01
4.197089748084573135e-01
4.360891627455624753e-01
4.529395700711421058e-01
4.702849222460324663e-01
4.881526669199354740e-01
5.065732768135542408e-01
5.255805921046869944e-01
5.452122087223205682e-01
5.655099202104092448e-01
5.865202222817371691e-01
6.082948910591253755e-01
6.308916482252627800e-01
6.543749291002978197e-01
6.788167731381277159e-01
7.042978606316959711e-01
7.309087248614307697e-01
7.587511757907794419e-01
7.879399800881181637e-01
8.186048534767027540e-01
8.508928357380091123e-01
8.849711374144509923e-01
9.210305716803974807e-01
9.592897171020312586e-01
1.000000000000000000e+00
