2.053733297451883905e-02
2.399399696088294967e-02
2.771698281719056633e-02
3.170634787838250146e-02
3.596214698582987646e-02
4.048443785650456678e-02
4.527328598071476279e-02
5.032876945206189723e-02
5.565098401654991478e-02
6.124004855559992549e-02
6.709611117430676341e-02
7.321935604028283195e-02
7.961001110347781795e-02
8.626835682008224260e-02
9.319473599989998303e-02
1.003895648973747723e-01
1.078533456682728292e-01
1.155866803184228270e-01
1.235902862762157384e-01
1.318650137280358292e-01
1.404118648629627264e-01
1.492320151842680687e-01
1.583268370552649573e-01
1.676979256601478785e-01
1.773471275766508037e-01
1.872765721734728772e-01
1.974887060665489191e-01
2.079863308915797793e-01
2.187726446756504128e-01
2.298512871277171021e-01
2.412263891969496921e-01
2.529026272969820410e-01
2.648852826429758944e-01
2.771803062023486253e-01
2.897943898363357640e-01
3.027350442788475093e-01
3.160106847012612019e-01
3.296307247151271103e-01
3.436056797918968231e-01
3.579472812311463858e-01
3.726686019838134634e-01
3.877841958398906552e-01
4.033102517380590668e-01
4.192647652392674784e-01
4.356677295576379949e-01
4.525413489268745315e-01
4.699102775931371934e-01
4.878018882792717337e-01
5.062465746702918823e-01
5.252780933120863027e-01
5.449339513077344765e-01
5.652558474426490065e-01
5.862901758450785872e-01
6.080886031229770783e-01
6.307087321797449908e-01
6.542148686445574679e-01
6.786789093639197246e-01
7.041813766437987621e-01
7.308126273767451275e-01
7.586742729979124578e-01
7.878808549011195872e-01
8.185618310614123372e-01
8.508639438788402343e-01
8.849540579264666418e-01
9.210225804945322281e-01
9.592876100054154032e-01
1.000000000000000000e+00
