1.968635398410027021e-02
2.296287869710295776e-02
2.648828373639995973e-02
3.026261571194766367e-02
3.428592345472963182e-02
3.855826103179282871e-02
4.307969093610781314e-02
4.785028757709454406e-02
5.287014118754350400e-02
5.813936225217196385e-02
6.365808655453247811e-02
6.942648093442757573e-02
7.544474984505820936e-02
8.171314279944806580e-02
8.823196279716621904e-02
9.500157582523886812e-02
1.020224215310134436e-01
1.092950251696775954e-01
1.168200109343676962e-01
1.245981167834124270e-01
1.326302108864023110e-01
1.409173098187160855e-01
1.494605986434879019e-01
1.582614530309236212e-01
1.673214635762552138e-01
1.766424624926249964e-01
1.862265528698099915e-01
1.960761407096898723e-01
2.061939699687417027e-01
2.165831608657802498e-01
2.272472517379552637e-01
2.381902447637221365e-01
2.494166559108908499e-01
2.609315695093575305e-01
2.727406979035218448e-01
2.848504467005637530e-01
2.972679861975104365e-01
3.100013296569085752e-01
3.230594191943136351e-01
3.364522201583138306e-01
3.501908250070224216e-01
3.642875678495466341e-01
3.787561509936454573e-01
3.936117850635358351e-01
4.088713444969955813e-01
4.245535405257964690e-01
4.406791141174662418e-01
4.572710517418654419e-01
4.743548273663174553e-01
4.919586746499460261e-01
5.101138940481561024e-01
5.288552004007417429e-01
5.482211176182316681e-01
5.682544283718546918e-01
5.890026882318913914e-01
6.105188156159692126e-01
6.328617712438995291e-01
6.560973437171945255e-01
6.802990614165089767e-01
7.055492554673513661e-01
7.319403041661239895e-01
7.595760964556023120e-01
7.885737611868650632e-01
8.190657206456692929e-01
8.512021419273051448e-01
8.851538794969384671e-01
9.211160280593676530e-01
9.593122391019115458e-01
1.000000000000000000e+00
