2.253472422788247928e-02
2.625438729852446265e-02
3.025582090578549793e-02
3.453908667277513084e-02
3.910424591862002308e-02
4.395136527163329143e-02
4.908052202721778501e-02
5.449180960659247980e-02
6.018534338525705074e-02
6.616126710339648165e-02
7.241976003533893980e-02
7.896104507368989500e-02
8.578539787201143463e-02
9.289315718443598435e-02
1.002847365385931416e-01
1.079606373805080677e-01
1.159214638331847180e-01
1.241679392170515900e-01
1.327009244871291960e-01
1.415214387506514848e-01
1.506306820403585378e-01
1.600300605289732003e-01
1.697212143875874157e-01
1.797060485043070477e-01
1.899867663002555718e-01
2.005659069036322129e-01
2.114463859654395206e-01
2.226315404336702275e-01
2.341251776363847681e-01
2.459316290672361460e-01
2.580558093101456563e-01
2.705032806042310112e-01
2.832803236056415930e-01
2.963940149881229003e-01
3.098523126076396794e-01
3.236641490668296650e-01
3.378395346309791547e-01
3.523896705994168377e-01
3.673270744020907808e-01
3.826657178888629995e-01
3.984211805233462411e-01
4.146108194620007903e-01
4.312539588390518763e-01
4.483721009653435785e-01
4.659891626229301087e-01
4.841317401881266025e-01
5.028294080022747137e-01
5.221150551992358446e-01
5.420252671876810702e-01
5.626007591636162930e-01
5.838868704662136810e-01
6.059341303456459160e-01
6.287989078875129145e-01
6.525441614780765898e-01
6.772403065274597012e-01
7.029662242605926314e-01
7.298104395950865131e-01
7.578725025835106877e-01
7.872646162358014621e-01
8.181135640543379939e-01
8.505630042420266879e-01
8.847762151217734017e-01
9.209393993511442167e-01
9.592656847815338450e-01
1.000000000000000000e+00
