2.269219112984613082e-02
2.658192163210144898e-02
3.077676246957430570e-02
3.527678744008391765e-02
4.008206948079450632e-02
4.519268640859164243e-02
5.060872676473705811e-02
5.633029596915550830e-02
6.235752298879086719e-02
6.869056771409895457e-02
7.532962922616565082e-02
8.227495512692575841e-02
8.952685209936403488e-02
9.708569786111834188e-02
1.049519546754061061e-01
1.131261845859674597e-01
1.216090665471181997e-01
1.304014156282406467e-01
1.395042044793411706e-01
1.489185872567398150e-01
1.586459262195961950e-01
1.686878212243540232e-01
1.790461423608108171e-01
1.897230659952054421e-01
2.007211145095764426e-01
2.120432000536947303e-01
2.236926726616505767e-01
2.356733731204877502e-01
2.479896910238762742e-01
2.606466284989280568e-01
2.736498701527604882e-01
2.870058598573899111e-01
3.007218850799960874e-01
3.148061695591815590e-01
3.292679752510637159e-01
3.441177145969348539e-01
3.593670743352767039e-01
3.750291522657301924e-01
3.911186085956695480e-01
4.076518337698352146e-01
4.246471349925584615e-01
4.421249440360346394e-01
4.601080493548579398e-01
4.786218560816793421e-01
4.976946780955542327e-01
5.173580671291813093e-01
5.376471848046306956e-01
5.586012245971455625e-01
5.802638920964613423e-01
6.026839535694908934e-01
6.259158648873629494e-01
6.500204953492874083e-01
6.750659640670907402e-01
7.011286103754595933e-01
7.282941246118213030e-01
7.566588716079941657e-01
7.863314469565046982e-01
8.174345158738934858e-01
8.501069969965001638e-01
8.845066697122165866e-01
9.208133046402919852e-01
9.592324445911086794e-01
1.000000000000000000e+00
