2.058313743679907742e-02
2.434070915211584973e-02
2.841086478349521757e-02
3.279365404713763255e-02
3.748912677664983928e-02
4.249733863755914692e-02
4.781835649002368765e-02
5.345226388859639771e-02
5.939916705147017806e-02
6.565920154623249017e-02
7.223253989282003851e-02
7.911940025920739805e-02
8.632005641398922402e-02
9.383484909511678740e-02
1.016641989548754954e-01
1.098086212446776067e-01
1.182687424094508305e-01
1.270453187690042118e-01
1.361392574746238537e-01
1.455516399374988390e-01
1.552837479446770586e-01
1.653370926862912649e-01
1.757134469422030609e-01
1.864148806920553347e-01
1.974438004398914037e-01
2.088029925702921952e-01
2.204956710858504976e-01
2.325255301134510622e-01
2.448968016125162850e-01
2.576143187655223765e-01
2.706835855981914452e-01
2.841108534398087970e-01
2.979032049238731772e-01
3.120686463235659014e-01
3.266162091279035673e-01
3.415560619082610994e-01
3.568996336705762551e-01
3.726597500886908443e-01
3.888507842239429801e-01
4.054888236031345961e-01
4.225918558385842738e-01
4.401799753281094296e-01
4.582756140351635366e-01
4.769037998390646127e-01
4.960924466027043511e-01
5.158726808390144969e-01
5.362792107616592974e-01
5.573507446107852648e-01
5.791304664817253922e-01
6.016665794838200743e-01
6.250129280723393244e-01
6.492297138429725667e-01
6.743843220879783829e-01
7.005522801973236291e-01
7.278183737094273686e-01
7.562779516908870736e-01
7.860384606827064413e-01
8.172212558932224757e-01
8.499637506469929216e-01
8.844219807607497374e-01
9.207736810949919137e-01
9.592219983834545660e-01
1.000000000000000000e+00
