2.001543738933205668e-02
2.365855359760391657e-02
2.760363228391691376e-02
3.185073428343289381e-02
3.639991678725133101e-02
4.125123969234441301e-02
4.640477132028787699e-02
5.186059404029665088e-02
5.761881016941978323e-02
6.367954842529709170e-02
7.004297114916914480e-02
7.670928248379592362e-02
8.367873767267022811e-02
9.095165363775119249e-02
9.852842099057618208e-02
1.064095176318266139e-01
1.145955240992566626e-01
1.230871408290141883e-01
1.318852075055423068e-01
1.409907246788557889e-01
1.504048778517700358e-01
1.601290642374001705e-01
1.701649224164980545e-01
1.805143651344827127e-01
1.911796155020749066e-01
2.021632468878981903e-01
2.134682268196103072e-01
2.250979652422624155e-01
2.370563675242501611e-01
2.493478926439497978e-01
2.619776170452705610e-01
2.749513047085104800e-01
2.882754840641488236e-01
3.019575324495161195e-01
3.160057689239266221e-01
3.304295563587558160e-01
3.452394138715019212e-01
3.604471408271876509e-01
3.760659538225054610e-01
3.921106382951360381e-01
4.085977166751921796e-01
4.255456352914182006e-01
4.429749726534266685e-01
4.609086721474397463e-01
4.793723027359868549e-01
4.983943518971097331e-01
5.180065557896366135e-01
5.382442725888189061e-01
5.591469060306315519e-01
5.807583875978128418e-01
6.031277274443472836e-01
6.263096461867929676e-01
6.503653022392812399e-01
6.753631324674275183e-01
7.013798278503080574e-01
7.285014706758201619e-01
7.568248659414277268e-01
7.864591073696036716e-01
8.175274283381541718e-01
8.501694007100931705e-01
8.845435609233562868e-01
9.208305640572659323e-01
9.592369946396041014e-01
1.000000000000000000e+00
