2.084509617743760673e-02
2.432173389308951716e-02
2.806356490857881206e-02
3.207066016739777703e-02
3.634308922797409303e-02
4.088092424902416838e-02
4.568424425642870351e-02
5.075313976866244886e-02
5.608771787078694476e-02
6.168810783678936593e-02
6.755446740611431578e-02
7.368698982449255197e-02
8.008591176118692867e-02
8.675152221741910807e-02
9.368417254268403271e-02
1.008842876782683473e-01
1.083523787516808140e-01
1.160890571490563461e-01
1.240950501998513283e-01
1.323712186132448010e-01
1.409185758149302525e-01
1.497383093419419886e-01
1.588318044647278326e-01
1.682006702171018886e-01
1.778467680320348077e-01
1.877722431961451610e-01
1.979795593578158597e-01
2.084715363461048798e-01
2.192513915851349582e-01
2.303227854214502934e-01
2.416898707164870930e-01
2.533573471019142653e-01
2.653305203429219272e-01
2.776153673162623514e-01
2.902186071742865470e-01
3.031477793496152318e-01
3.164113291434565434e-01
3.300187017566766912e-01
3.439804457406047122e-01
3.583083270028452061e-01
3.730154546769887114e-01
3.881164203654505762e-01
4.036274525212356079e-01
4.195665880126471792e-01
4.359538632632243282e-01
4.528115277592300036e-01
4.701642832156796015e-01
4.880395522573565681e-01
5.064677811687511300e-01
5.254827821211581762e-01
5.451221212684040918e-01
5.654275603680319895e-01
5.864455610374613714e-01
6.082278626346162564e-01
6.308321469568834994e-01
6.543228057855727808e-01
6.787718307106987981e-01
7.042598490180523862e-01
7.308773348431033545e-01
7.587260316211217326e-01
7.879206305801033094e-01
8.185907611942438988e-01
8.508833638091318763e-01
8.849655333682956426e-01
9.210279475224478762e-01
9.592890246280297850e-01
1.000000000000000000e+00
