1.980542153549369466e-02
2.296218692697217512e-02
2.634950672848469441e-02
2.996745101272908079e-02
3.381608442658084329e-02
3.789547080288390574e-02
4.220567750504099908e-02
4.674677968844371395e-02
5.151886464481687106e-02
5.652203640801502921e-02
6.175642066811904557e-02
6.722217025179436090e-02
7.291947113351959775e-02
7.884854916107665590e-02
8.500967756096806938e-02
9.140318532027776055e-02
9.802946653110820863e-02
1.048889908301431639e-01
1.119823149121528943e-01
1.193100954119736823e-01
1.268731030644135171e-01
1.346722383693561287e-01
1.427085488395971602e-01
1.509832479626344870e-01
1.594977360100903740e-01
1.682536228410055901e-01
1.772527528555556398e-01
1.864972322726801413e-01
1.959894589197324899e-01
2.057321547432612863e-01
2.157284012717435862e-01
2.259816782864367546e-01
2.364959059893398108e-01
2.472754909869922524e-01
2.583253764559219623e-01
2.696510968971143618e-01
2.812588379427842233e-01
2.931555017442681321e-01
3.053487785409144672e-01
3.178472250962697254e-01
3.306603507883313919e-01
3.437987122576626198e-01
3.572740176524894506e-01
3.710992416718970621e-01
3.852887527932919443e-01
3.998584542948144804e-01
4.148259409425112954e-01
4.302106735186252418e-01
4.460341737376531945e-01
4.623202425276113359e-01
4.790952051787637500e-01
4.963881874737219313e-01
5.142314276758562785e-01
5.326606301344679606e-01
5.517153673822108306e-01
5.714395388929813802e-01
5.918818963252615584e-01
6.130966470454243256e-01
6.351441501710668458e-01
6.580917224275389943e-01
6.820145748909149930e-01
7.069969064222680899e-01
7.331331855596261438e-01
7.605296602504968417e-01
7.893061443711609781e-01
8.195981425057762282e-01
8.515593903628464467e-01
8.853649092787689856e-01
9.212147006277723316e-01
9.593382425335827968e-01
1.000000000000000000e+00
