2.149731435659050713e-02
2.515640642723871931e-02
2.910059216221429559e-02
3.332993345288337572e-02
3.784449035459296062e-02
4.264432690224072287e-02
4.772951653787252391e-02
5.310014755446881146e-02
5.875632885404038358e-02
6.469819625058027823e-02
7.092591950625665165e-02
7.743971026402805824e-02
8.423983102565740788e-02
9.132660531698898188e-02
9.870042918013852140e-02
1.063617841328872715e-01
1.143112517398107153e-01
1.225495299442298930e-01
1.310774513178831757e-01
1.398960033940490622e-01
1.490063512588543082e-01
1.584098625907481572e-01
1.681081353479300100e-01
1.781030283245304824e-01
1.883966948118572793e-01
1.989916196256182046e-01
2.098906597837887911e-01
2.210970891517336778e-01
2.326146474054540392e-01
2.444475937023469214e-01
2.566007655019330591e-01
2.690796430273263429e-01
2.818904199300806268e-01
2.950400807916144785e-01
3.085364861866135566e-01
3.223884661362070303e-01
3.366059229035362477e-01
3.511999442207452971e-01
3.661829282189404955e-01
3.815687215109646591e-01
3.973727721349987752e-01
4.136122993240421986e-01
4.303064824072271866e-01
4.474766715323393318e-01
4.651466233727806210e-01
4.833427655286834934e-01
5.020944940004323787e-01
5.214345089213375806e-01
5.413991946986740356e-01
5.620290518799633261e-01
5.833691894995554073e-01
6.054698883971734169e-01
6.283872481426469037e-01
6.521839328444066775e-01
6.769300343989035351e-01
7.027040757959231998e-01
7.295941822650744424e-01
7.576994544300672541e-01
7.871315858975759250e-01
8.180167780861592464e-01
8.504980186058229696e-01
8.847378068798840145e-01
9.209214334047056694e-01
9.592609489906468445e-01
1.000000000000000000e+00
