1.973845888578399516e-02
2.321774660514772798e-02
2.697653079097762918e-02
3.101488680672573675e-02
3.533288392751843948e-02
3.993059110028312347e-02
4.480808240147838434e-02
4.996544245015346192e-02
5.540277201561773918e-02
6.112019403067001783e-02
6.711786019592019814e-02
7.339595834025593180e-02
7.995472068899772689e-02
8.679443318264515317e-02
9.391544598445421277e-02
1.013181853146369743e-01
1.090031667499981455e-01
1.169710101314606759e-01
1.252224562282999720e-01
1.337583853132367218e-01
1.425798378132427102e-01
1.516880372099970176e-01
1.610844153764414421e-01
1.707706405504082758e-01
1.807486481628091113e-01
1.910206747571882302e-01
2.015892952597626853e-01
2.124574638853162500e-01
2.236285589949208175e-01
2.351064322574484000e-01
2.468954625055861385e-01
2.590006147296630146e-01
2.714275047056547430e-01
2.841824698190574261e-01
2.972726467277779228e-01
3.107060565905186977e-01
3.244916987004453079e-01
3.386396534777985079e-01
3.531611959335959061e-01
3.680689208702352944e-01
3.833768813049816537e-01
3.991007418227029424e-01
4.152579488550373066e-01
4.318679202122510663e-01
4.489522565875773141e-01
4.665349782325713401e-01
4.846427905493360111e-01
5.033053830343174884e-01
5.225557668193285821e-01
5.424306570205119638e-01
5.629709073166431210e-01
5.842220055990092753e-01
6.062346413341473950e-01
6.290653574229431166e-01
6.527773020323702768e-01
6.774410992174862978e-01
7.031358612662178542e-01
7.299503709272100460e-01
7.579844682235200581e-01
7.873506849120456286e-01
8.181761802388480831e-01
8.506050453952900270e-01
8.848010617920541998e-01
9.209510214423712871e-01
9.592687483028171647e-01
1.000000000000000000e+00
