2.233150007561671146e-02
2.596424979711011230e-02
2.986830428813200614e-02
3.404372957974627356e-02
3.849059024789473066e-02
4.320895486780214345e-02
4.819890124466001680e-02
5.346052171608271786e-02
5.899392876540954928e-02
6.479926114257729408e-02
7.087669065991900053e-02
7.722642981139547780e-02
8.384874035195222230e-02
9.074394296778852398e-02
9.791242816585218889e-02
1.053546685119624987e-01
1.130712323488861359e-01
1.210627991316069185e-01
1.293301765217573229e-01
1.378743193922841725e-01
1.466963509016850631e-01
1.557975858080650755e-01
1.651795562068470169e-01
1.748440398895445558e-01
1.847930915388004691e-01
1.950290769944469371e-01
2.055547108486238395e-01
2.163730976552867002e-01
2.274877770690068579e-01
2.389027732658963177e-01
2.506226490424359188e-01
2.626525650336323237e-01
2.749983445549419314e-01
2.876665446345627597e-01
3.006645338844465276e-01
3.140005779478983183e-01
3.276839333733802540e-01
3.417249508819371062e-01
3.561351891541740811e-01
3.709275404250813590e-01
3.861163693915176665e-01
4.017176671650050657e-01
4.177492223042119646e-01
4.342308112790103647e-01
4.511844111442082639e-01
4.686344376583440607e-01
4.866080126663504535e-01
5.051352652534931709e-01
5.242496719984024445e-01
5.439884426579161270e-01
5.643929588148809406e-01
5.855092745252017394e-01
6.073886897598775869e-01
6.300884097122310123e-01
6.536723057173090545e-01
6.782117969963652460e-01
7.037868766337231907e-01
7.304873105456386462e-01
7.584140449165831521e-01
7.876808661459191452e-01
8.184163682439292709e-01
8.507662967184894676e-01
8.848963562620743017e-01
9.209955934084043117e-01
9.592804968553055867e-01
1.000000000000000000e+00
