2.132997717759335665e-02
2.530670767102112181e-02
2.962023137385580082e-02
3.427059811463083194e-02
3.925786266854986578e-02
4.458208924151527835e-02
5.024335637064453880e-02
5.624176246668802226e-02
6.257743219874307983e-02
6.925052390288718995e-02
7.626123818492144824e-02
8.360982788356645379e-02
9.129660956051457998e-02
9.932197668842329685e-02
1.076864147144152017e-01
1.163905181857420590e-01
1.254350101338857493e-01
1.348207639260981250e-01
1.445488278052208531e-01
1.546204523556480026e-01
1.650371211480695099e-01
1.758005848366032131e-01
1.869128990055307638e-01
1.983764660848082173e-01
2.101940816893560771e-01
2.223689857670953229e-01
2.349049189849189423e-01
2.478061848297101466e-01
2.610777179548766647e-01
2.747251593744599041e-01
2.887549391781538133e-01
3.031743675365785595e-01
3.179917348722746673e-01
3.332164221978566876e-01
3.488590227702710322e-01
3.649314763925229355e-01
3.814472178936237357e-01
3.984213415684255688e-01
4.158707836565718741e-01
4.338145252689986631e-01
4.522738186069223953e-01
4.712724397906761786e-01
4.908369722196370133e-01
5.109971250766115469e-01
5.317860924614006279e-01
5.532409596547130937e-01
5.754031642581443062e-01
5.983190214936866536e-01
6.220403247821028048e-01
6.466250350324562746e-01
6.721380748506290415e-01
6.986522474227897517e-01
7.262493041442434905e-01
7.550211905545727298e-01
7.850715070322837885e-01
8.165172294494426053e-01
8.494907461845105923e-01
8.841422822715389040e-01
9.206428000987041393e-01
9.591874904915161926e-01
1.000000000000000000e+00
