2.144624403706721014e-02
2.475401043169454113e-02
2.829658655079392987e-02
3.207402778118924325e-02
3.608638813213464747e-02
4.033372477019309815e-02
4.481610223365095624e-02
4.953359661587326129e-02
5.448629993047381798e-02
5.967432482201005806e-02
6.509780975485919552e-02
7.075692479367311216e-02
7.665187807741227766e-02
8.278292308265068622e-02
8.915036676872883925e-02
9.575457869736586636e-02
1.025960012201624361e-01
1.096751608303423303e-01
1.169926807791316498e-01
1.245492950611741673e-01
1.323458638807167576e-01
1.403833907155729033e-01
1.486630411051075296e-01
1.571861632977731849e-01
1.659543109030947039e-01
1.749692677079697223e-01
1.842330748291997611e-01
1.937480603914099875e-01
2.035168719403233073e-01
2.135425118204585804e-01
2.238283757756223957e-01
2.343782950565803380e-01
2.451965823586751414e-01
2.562880819493209006e-01
2.676582243927359550e-01
2.793130863332869973e-01
2.912594558623780583e-01
3.035049040659310027e-01
3.160578634322321889e-01
3.289277139074009981e-01
3.421248774880207844e-01
3.556609223914147799e-01
3.695486779904565977e-01
3.838023618918365298e-01
3.984377207590586445e-01
4.134721867295813591e-01
4.289250515993169310e-01
4.448176612886860504e-01
4.611736335594383562e-01
4.780191024439710001e-01
4.953829934875819685e-01
5.132973346282352356e-01
5.317976084390940716e-01
5.509231525448164968e-01
5.707176163229489285e-01
5.912294836361005057e-01
6.125126732751534631e-01
6.346272312453109521e-01
6.576401320296259012e-01
6.816262097029036626e-01
7.066692444580883192e-01
7.328632360118934042e-01
7.603139028416545653e-01
7.891404557310600643e-01
8.194777063670778405e-01
8.514785875511297064e-01
8.853171822685556025e-01
9.211923859323589703e-01
9.593323620943809971e-01
1.000000000000000000e+00
