2.079026665604596924e-02
2.464320357339445933e-02
2.882116861104933037e-02
3.332421838095586675e-02
3.815240827969351017e-02
4.330579891076863364e-02
4.878446203437788314e-02
5.458848659689512217e-02
6.071798521973391372e-02
6.717310142975108089e-02
7.395401785876806744e-02
8.106096560990888600e-02
8.849423497382052917e-02
9.625418767153373634e-02
1.043412708005567041e-01
1.127560326643800848e-01
1.214991406717242234e-01
1.305714015007984619e-01
1.399737837336574586e-01
1.497074431795603622e-01
1.597737511196568871e-01
1.701743257233601925e-01
1.809110669063526966e-01
1.919861949227386066e-01
2.034022930110903071e-01
2.151623544457387793e-01
2.272698343798403575e-01
2.397287069096515622e-01
2.525435278400577910e-01
2.657195036894368090e-01
2.792625675380079886e-01
2.931794624073418287e-01
3.074778329523540910e-01
3.221663263556941992e-01
3.372547034449099312e-01
3.527539612137877145e-01
3.686764680966502783e-01
3.850361135745383190e-01
4.018484739321616095e-01
4.191309962918294829e-01
4.369032034124243902e-01
4.551869221489163175e-01
4.740065389950854913e-01
4.933892867301173379e-01
5.133655669171135472e-01
5.339693138764839420e-01
5.552384068399029982e-01
5.772151382497041627e-01
5.999467477548934280e-01
6.234860333906129259e-01
6.478920537571333238e-01
6.732309379696304052e-01
6.995768237561952319e-01
7.270129486170622268e-01
7.556329246433057811e-01
7.855422347740919076e-01
8.168599974036151457e-01
8.497210579228273719e-01
8.842784808430415033e-01
9.207065356997442551e-01
9.592042954627646445e-01
1.000000000000000000e+00
