2.045237100178452436e-02
2.412290525894390802e-02
2.809395964732781803e-02
3.236557973253187392e-02
3.693781194023352393e-02
4.181070874934559450e-02
4.698433361795921470e-02
5.245876607401311897e-02
5.823410726500260343e-02
6.431048618665734240e-02
7.068806677033270813e-02
7.736705598756651869e-02
8.434771312037872559e-02
9.163036034225634230e-02
9.921539475545688991e-02
1.071033020338871128e-01
1.152946718265106946e-01
1.237902150829770370e-01
1.325907834728079215e-01
1.416973910790408908e-01
1.511112385595407281e-01
1.608337399831277492e-01
1.708665525634796289e-01
1.812116095323430265e-01
1.918711564143744663e-01
2.028477909910988974e-01
2.141445072714482090e-01
2.257647438165590326e-01
2.377124368088506801e-01
2.499920783003631297e-01
2.626087801266728805e-01
2.755683440369194881e-01
2.888773386638348040e-01
3.025431840424349095e-01
3.165742444841923575e-01
3.309799307383797795e-01
3.457708125012591838e-01
3.609587425033376484e-01
3.765569935995135564e-01
3.925804105007853484e-01
4.090455780728948221e-01
4.259710084299128119e-01
4.433773494319544484e-01
4.612876176578348808e-01
4.797274594398664993e-01
4.987254442084689821e-01
5.183133951633774883e-01
5.385267632169572494e-01
5.594050512862085434e-01
5.809922973979039229e-01
6.033376267147639860e-01
6.264958846943079473e-01
6.505283660724978656e-01
6.755036575499151486e-01
7.014986159239979813e-01
7.285995083312991616e-01
7.569033473834496650e-01
7.865194617921753562e-01
8.175713530294261844e-01
8.501989012448220029e-01
8.845610002648726100e-01
9.208387228238968936e-01
9.592391454857470690e-01
1.000000000000000000e+00
