2.249809619442841649e-02
2.606673856418664781e-02
2.989571582863026142e-02
3.398508891980079466e-02
3.833491818947922652e-02
4.294526854538877753e-02
4.781621434493189132e-02
5.294784435022757002e-02
5.834026697742964590e-02
6.399361602550193706e-02
6.990805703915416169e-02
7.608379444140991876e-02
8.252107956024713753e-02
8.922021966788359904e-02
9.618158814920231559e-02
1.034056359165634459e-01
1.108929041907640994e-01
1.186440387719095435e-01
1.266598059303938040e-01
1.349411100537697694e-01
1.434890131954591475e-01
1.523047566792422869e-01
1.613897849259590123e-01
1.707457716819435756e-01
1.803746488434407602e-01
1.902786380897301399e-01
2.004602855580036591e-01
2.109224998161636222e-01
2.216685934191180429e-01
2.327023283641818374e-01
2.440279658005131136e-01
2.556503203909188393e-01
2.675748197730426492e-01
2.798075696289368808e-01
2.923554249395505789e-01
3.052260680805427562e-01
3.184280945129580598e-01
3.319711069272404114e-01
3.458658188319688742e-01
3.601241687323517016e-01
3.747594462101583868e-01
3.897864314421750076e-01
4.052215499247431296e-01
4.210830444752707291e-01
4.373911669236586475e-01
4.541683923152786684e-01
4.714396589356159017e-01
4.892326380691988663e-01
5.075780380761087951e-01
5.265099482530196662e-01
5.460662289418994897e-01
5.662889556087411513e-01
5.872249261153928979e-01
6.089262422739005753e-01
6.314509790539158951e-01
6.548639576156214392e-01
6.792376418628278678e-01
7.046531825888056044e-01
7.312016387642189530e-01
7.589854124789382483e-01
7.881199429031259251e-01
8.187357159321171363e-01
8.509806607774891285e-01
8.850230237460060545e-01
9.210548342726717630e-01
9.592961110799884672e-01
1.000000000000000000e+00
