2.052067796597516550e-02
2.377888426982513806e-02
2.727438895710239397e-02
3.100726136539279365e-02
3.497756647514260048e-02
3.918536957568679452e-02
4.363074071728763326e-02
4.831375913490091462e-02
5.323451781447893078e-02
5.839312835324193124e-02
6.378972624738939168e-02
6.942447672670208625e-02
7.529758124557532628e-02
8.140928473301049795e-02
8.775988370095541558e-02
9.434973530866457014e-02
1.011792674811195086e-01
1.082489901817888928e-01
1.155595079429463240e-01
1.231115337610990540e-01
1.309059044709234843e-01
1.389435977170438430e-01
1.472257506517549164e-01
1.557536804946230702e-01
1.645289071013938398e-01
1.735531777022746025e-01
1.828284939819264099e-01
1.923571416923390565e-01
2.021417230076339444e-01
2.121851918503949719e-01
2.224908924482026373e-01
2.330626014050488914e-01
2.439045736083508553e-01
2.550215923315424793e-01
2.664190239396715953e-01
2.781028776564906102e-01
2.900798709167602407e-01
3.023575008970987299e-01
3.149441229076921922e-01
3.278490364208905272e-01
3.410825796313804448e-01
3.546562335762028506e-01
3.685827370009904236e-01
3.828762133466110384e-01
3.975523114422659932e-01
4.126283617615669752e-01
4.281235503824859512e-01
4.440591131826065463e-01
4.604585531936710163e-01
4.773478845903100787e-01
4.947559073756069847e-01
5.127145175679600486e-01
5.312590585926345588e-01
5.504287206518310160e-01
5.702669961448355584e-01
5.908222008257407731e-01
6.121480723272904045e-01
6.343044601037315378e-01
6.573581238245438385e-01
6.813836609759514884e-01
7.064645890748031398e-01
7.326946137748300281e-01
7.601791215612102581e-01
7.890369451903386233e-01
8.194024622018843962e-01
8.514281025239369693e-01
8.852873616833608628e-01
9.211784429980314215e-01
9.593286877549751512e-01
1.000000000000000000e+00
