1.998922284189616136e-02
2.370939155570057216e-02
2.774410306617534211e-02
3.209343531892628471e-02
3.675746029391156050e-02
4.173625048509275320e-02
4.702988510797763422e-02
5.263845633780620675e-02
5.856207586194778908e-02
6.480088199863963394e-02
7.135504760527489054e-02
7.822478897743946613e-02
8.541037592493383457e-02
9.291214320281461492e-02
1.007305034721064779e-01
1.088659619649027244e-01
1.173191330322315568e-01
1.260907587596474533e-01
1.351817298424254632e-01
1.445931089237405265e-01
1.543261566117804517e-01
1.643823604046253106e-01
1.747634667719078494e-01
1.854715166598606135e-01
1.965088847103164393e-01
2.078783225145544034e-01
2.195830062489257106e-01
2.316265890837183039e-01
2.440132587938017295e-01
2.567478010566300317e-01
2.698356689775389672e-01
2.832830594576594696e-01
2.970969970996362730e-01
3.112854264408122518e-01
3.258573134248541892e-01
3.408227571478409934e-01
3.561931130770125131e-01
3.719811291289971122e-01
3.882010962075223559e-01
4.048690150618085570e-01
4.220027816436191515e-01
4.396223934922670606e-01
4.577501801204012510e-01
4.764110608974820305e-01
4.956328345384634626e-01
5.154465050642943469e-01
5.358866499975009079e-01
5.569918376427941409e-01
5.788051016369726298e-01
6.013744825580451536e-01
6.247536483633898685e-01
6.490026078774291385e-01
6.741885345229259308e-01
7.003867212812957543e-01
7.276816925082464360e-01
7.561685041322599998e-01
7.859542711764631040e-01
8.171599710486782131e-01
8.499225831234782369e-01
8.843976408233138464e-01
9.207622927359261356e-01
9.592189959405560407e-01
1.000000000000000000e+00
