2.175442503399172001e-02
2.495424908211702625e-02
2.837117360567587704e-02
3.200525718233208916e-02
3.585655652513410063e-02
3.992513069180576857e-02
4.421104502821610049e-02
4.871437507064942801e-02
5.343521058256159306e-02
5.837365986562381703e-02
6.352985446134770675e-02
6.890395434319900037e-02
7.449615368905174173e-02
8.030668731748784317e-02
8.633583786882308153e-02
9.258394380987554351e-02
9.905140834286044194e-02
1.057387092996911887e-01
1.126464101064064832e-01
1.197751719058558068e-01
1.271257669309940053e-01
1.346990932274287900e-01
1.424961908292860513e-01
1.505182595006849811e-01
1.587666781628762902e-01
1.672430261381539496e-01
1.759491063514719289e-01
1.848869706456805484e-01
1.940589473798027542e-01
2.034676714989153978e-01
2.131161172824863059e-01
2.230076340032412230e-01
2.331459847545640229e-01
2.435353887365036829e-01
2.541805673242893415e-01
2.650867942889574280e-01
2.762599505838536640e-01
2.877065841711034522e-01
2.994339754215393778e-01
3.114502087052978263e-01
3.237642508709652756e-01
3.363860374157651156e-01
3.493265672725209825e-01
3.625980072753645644e-01
3.762138075300869855e-01
3.901888291090004901e-01
4.045394857151725088e-01
4.192839012330987214e-01
4.344420853882244304e-01
4.500361301223517740e-01
4.660904297372294169e-01
4.826319283841836727e-01
4.996903991219883157e-01
5.172987595348650380e-01
5.354934298191813546e-01
5.543147403770672943e-01
5.738073973280806150e-01
5.940210159977986626e-01
6.150107345169758544e-01
6.368379221856916850e-01
6.595710003979768921e-01
6.832863978187060372e-01
7.080696664563101983e-01
7.340167914147534001e-01
7.612357349997007638e-01
7.898482658891624597e-01
8.199921369572600316e-01
8.518236921501218806e-01
8.855210045663725049e-01
9.212876767591242633e-01
9.593574724384624774e-01
1.000000000000000000e+00
