2.184951972152120517e-02
2.552855166565093023e-02
2.949165599608902233e-02
3.373887311994363397e-02
3.827024731566294746e-02
4.308583111372989854e-02
4.818568970173092020e-02
5.356990564930541598e-02
5.923858416524632742e-02
6.519185905439825457e-02
7.142989951810131688e-02
7.795291792988646995e-02
8.476117871369194534e-02
9.185500845054271613e-02
9.923480734229513101e-02
1.069010621650604703e-01
1.148543608503218433e-01
1.230954088390536910e-01
1.316250473619295369e-01
1.404442738088912401e-01
1.495542643614888312e-01
1.589563990747270006e-01
1.686522896092956525e-01
1.786438098317884304e-01
1.889331295194301985e-01
1.995227514302625460e-01
2.104155520214939512e-01
2.216148261339454251e-01
2.331243359917320179e-01
2.449483649089234938e-01
2.570917761430703274e-01
2.695600773892259383e-01
2.823594914756293872e-01
2.954970338986648848e-01
3.089805979176676320e-01
3.228190480468702828e-01
3.370223228884103861e-01
3.516015484101325805e-01
3.665691629288775899e-01
3.819390552657458415e-01
3.977267177706065859e-01
4.139494161977021469e-01
4.306263787365855467e-01
4.477790068954267122e-01
4.654311114040733388e-01
4.836091768609588892e-01
5.023426595088062996e-01
5.216643233387660006e-01
5.416106206817962176e-01
5.622221246293814811e-01
5.835440220633740793e-01
6.056266777995590322e-01
6.285262825232955652e-01
6.523055998354213569e-01
6.770348310075365861e-01
7.027926201491520031e-01
7.296672276144413605e-01
7.577579059677466145e-01
7.871765210137622315e-01
8.180494709294293676e-01
8.505199699748851039e-01
8.847507808047286870e-01
9.209275021429167429e-01
9.592625486993949790e-01
1.000000000000000000e+00
