2.298344988534297556e-02
2.665339961091847676e-02
3.059258945338388588e-02
3.480109026703349234e-02
3.927897328883584588e-02
4.402631464379553466e-02
4.904320010664542373e-02
5.432973022403958518e-02
5.988602591403757031e-02
6.571223466497477794e-02
7.180853745727133752e-02
7.817515653130992226e-02
8.481236412435101679e-02
9.172049229958766092e-02
9.889994399190114860e-02
1.063512053975424199e-01
1.140748598385041973e-01
1.220716032380931432e-01
1.303422613496828253e-01
1.388878088893840956e-01
1.477093907321095911e-01
1.568083453410129835e-01
1.661862306140148571e-01
1.758448523446051737e-01
1.857862955118242398e-01
1.960129586350390085e-01
2.065275914507122279e-01
2.173333361960630428e-01
2.284337728168722992e-01
2.398329684503575365e-01
2.515355315812980996e-01
2.635466713128658545e-01
2.758722622582838180e-01
2.885189156200696492e-01
3.014940571093543409e-01
3.148060124445918873e-01
3.284641012791854608e-01
3.424787405336806589e-01
3.568615582581782242e-01
3.716255193210493690e-01
3.867850644303655328e-01
4.023562642342177753e-01
4.183569905271652400e-01
4.348071069489575224e-01
4.517286819330255665e-01
4.691462271795515671e-01
4.870869654715530017e-01
5.055811323670632573e-01
5.246623171106362671e-01
5.443678491258843177e-01
5.647392376633941780e-01
5.858226736482675667e-01
6.076696046188760914e-01
6.303373958304379077e-01
6.538900933974054475e-01
6.783993087432194091e-01
7.039452478928179824e-01
7.306179145190679902e-01
7.585185224090583711e-01
7.877611616163745500e-01
8.184747735683474135e-01
8.508055045687303863e-01
8.849195255468979004e-01
9.210064299049754988e-01
9.592833531377361611e-01
1.000000000000000000e+00
