2.114718113727105317e-02
2.478546555268010265e-02
2.870996253062156958e-02
3.292073782377635122e-02
3.741785412874605588e-02
4.220137707094593488e-02
4.727138076878063117e-02
5.262795337372974669e-02
5.827120288820172161e-02
6.420126349814773981e-02
7.041830261546110081e-02
7.692252879869850013e-02
8.371420070550260328e-02
9.079363722198433018e-02
9.816122891106392190e-02
1.058174509227340493e-01
1.137628775114809532e-01
1.219981983123029495e-01
1.305242365324565668e-01
1.393419692261081144e-01
1.484525498274094912e-01
1.578573331319567952e-01
1.675579029284106625e-01
1.775561024997305004e-01
1.878540682322173971e-01
1.984542665931296190e-01
2.093595347610683888e-01
2.205731252268405551e-01
2.320987547147139451e-01
2.439406578142797322e-01
2.561036457634328634e-01
2.685931708751047031e-01
2.814153971666465415e-01
2.945772778271659731e-01
3.080866402445280872e-01
3.219522794214677019e-01
3.361840607257575719e-01
3.507930330697290322e-01
3.657915537805301320e-01
3.811934266121611570e-01
3.970140546034519602e-01
4.132706097380774990e-01
4.299822217162185267e-01
4.471701885138363863e-01
4.648582118859053702e-01
4.830726615193212670e-01
5.018428722013852372e-01
5.212014791770208655e-01
5.411847978260829750e-01
5.618332549698222822e-01
5.831918805268605510e-01
6.053108699916853741e-01
6.282462303354976463e-01
6.520605245584681908e-01
6.768237334061188992e-01
7.026142567983487686e-01
7.295200826693167828e-01
7.576401572897448755e-01
7.870859993370289409e-01
8.179836103872420994e-01
8.504757478775651913e-01
8.847246439467399970e-01
9.209152761593605296e-01
9.592593259351799295e-01
1.000000000000000000e+00
