2.049603408852847947e-02
2.388218738586994627e-02
2.752460502194094619e-02
3.142334903080215569e-02
3.557847783204669267e-02
3.999005156523849358e-02
4.465813695311943859e-02
4.958281205460117469e-02
5.476417117590264699e-02
6.020233014615979095e-02
6.589743212348869728e-02
7.184965407247845270e-02
7.805921403858760710e-02
8.452637933670099912e-02
9.125147576689353335e-02
9.823489796955842124e-02
1.054771210337554221e-01
1.129787134753663519e-01
1.207403517068277587e-01
1.287628361254920806e-01
1.370471089557156186e-01
1.455942739873644087e-01
1.544056183641417390e-01
1.634826365863049080e-01
1.728270569058335260e-01
1.824408703075653393e-01
1.923263622887722013e-01
2.024861476675302585e-01
2.129232086789413225e-01
2.236409366418786460e-01
2.346431775144136866e-01
2.459342816928004327e-01
2.575191584531057454e-01
2.694033354852411466e-01
2.815930240314646338e-01
2.940951902066766266e-01
3.069176331628996612e-01
3.200690708551026664e-01
3.335592342713766811e-01
3.473989711303651085e-01
3.616003601899678288e-01
3.761768374984945651e-01
3.911433361266936082e-01
4.065164411709327186e-01
4.223145621043023490e-01
4.385581249129056891e-01
4.552697868557786798e-01
4.724746771928152733e-01
4.902006678055033650e-01
5.084786783556226597e-01
5.273430214657619519e-01
5.468317944597016478e-01
5.669873254307865595e-01
5.878566829587116294e-01
6.094922606444117541e-01
6.319524499598010436e-01
6.553024177394898286e-01
6.796150081882249561e-01
7.049717937129367229e-01
7.314643044271122996e-01
7.591954732355533642e-01
7.882813423287082788e-01
8.188530884081052230e-01
8.510594387228544999e-01
8.850695692564642947e-01
9.210766015675615481e-01
9.593018480833874762e-01
1.000000000000000000e+00
