2.099661028888251749e-02
2.415716450700487392e-02
2.753681617076739543e-02
3.113562111355894571e-02
3.495363287975256777e-02
3.899090700335926946e-02
4.324750493910819310e-02
4.772349790963838212e-02
5.241897086464303995e-02
5.733402670321585681e-02
6.246879088089594273e-02
6.782341650460087246e-02
7.339809000683165940e-02
7.919303748379419305e-02
8.520853177862186545e-02
9.144490038947915289e-02
9.790253428323292262e-02
1.045818976964702218e-01
1.114835390090001543e-01
1.186081027782930758e-01
1.259563430281298024e-01
1.335291378901270753e-01
1.413275057027961745e-01
1.493526226810533430e-01
1.576058422767806222e-01
1.660887163611065587e-01
1.748030183710936325e-01
1.837507685755287445e-01
1.929342616305160241e-01
2.023560966129318017e-01
2.120192097386028596e-01
2.219269099975806347e-01
2.320829179641827889e-01
2.424914080693798824e-01
2.531570546638737262e-01
2.640850822336600623e-01
2.752813201881432192e-01
2.867522626866971791e-01
2.985051340419777044e-01
3.105479603113024956e-01
3.228896477709518043e-01
3.355400690798320262e-01
3.485101580480348127e-01
3.618120140717180355e-01
3.754590174567831173e-01
3.894659570471372123e-01
4.038491717966418704e-01
4.186267081906530074e-01
4.338184957401335362e-01
4.494465431450890835e-01
4.655351581609746270e-01
4.821111947456058755e-01
4.992043316855224733e-01
5.168473876785092402e-01
5.350766787626554111e-01
5.539324251022140766e-01
5.734592155010482806e-01
5.937065396841627596e-01
6.147294004131199641e-01
6.365890200422689160e-01
6.593536592209355840e-01
6.830995693690202764e-01
7.079121054162278437e-01
7.338870314606845691e-01
7.611320598217661271e-01
7.897686739266678302e-01
8.199342983442967636e-01
8.517848958611144994e-01
8.854980932678006011e-01
9.212769660421746831e-01
9.593546501493421808e-01
1.000000000000000000e+00
