2.183463940045746871e-02
2.536581040023885153e-02
2.915937438588856595e-02
3.321537955253945490e-02
3.753387541885613854e-02
4.211491744652883645e-02
4.695857146900773299e-02
5.206491824972414584e-02
5.743405839617803099e-02
6.306611781131522820e-02
6.896125380363747615e-02
7.511966201810502120e-02
8.154158426877806953e-02
8.822731740767945918e-02
9.517722333531657142e-02
1.023917402681515099e-01
1.098713953807132354e-01
1.176168189454621649e-01
1.256287600986296382e-01
1.339081043687939676e-01
1.424558931129442652e-01
1.512733450142952629e-01
1.603618798084199548e-01
1.697231444175242854e-01
1.793590416868964810e-01
1.892717619366348081e-01
1.994638175616041120e-01
2.099380809361264810e-01
2.206978259085284888e-01
2.317467732003208325e-01
2.430891400665725899e-01
2.547296946114143146e-01
2.666738152084200952e-01
2.789275555317217159e-01
2.914977157739926938e-01
3.043919207030738594e-01
3.176187053124138182e-01
3.311876089185876726e-01
3.451092786952960068e-01
3.593955837804241882e-01
3.740597412745647610e-01
3.891164556446316536e-01
4.045820733155663929e-01
4.204747544933623571e-01
4.368146646352961682e-01
4.536241883752145099e-01
4.709281692057182833e-01
4.887541787973755381e-01
5.071328205534718636e-01
5.260980728076940505e-01
5.456876781285827649e-01
5.659435864139642502e-01
5.869124609516728208e-01
6.086462585008701742e-01
6.312028966930219864e-01
6.546470248622381360e-01
6.790509179034841525e-01
7.044955171056691556e-01
7.310716473685606731e-01
7.588814471481897250e-01
7.880400562059556302e-01
8.186776175537238132e-01
8.509416644365275229e-01
8.849999820483015478e-01
9.210440583533558989e-01
9.592932709140791214e-01
1.000000000000000000e+00
