2.005381103043786181e-02
2.355372953404815881e-02
2.733204147112355820e-02
3.138881807590800793e-02
3.572412901896645371e-02
4.033804635451818804e-02
4.523064879782762171e-02
5.040202641934966171e-02
5.585228584902569848e-02
6.158155609173750211e-02
6.758999506229049214e-02
7.387779695380357337e-02
8.044520055829600114e-02
8.729249866175414763e-02
9.442004864001594944e-02
1.018282843854301511e-01
1.095177296994376270e-01
1.174890132909802987e-01
1.257428855279648094e-01
1.342802370959946534e-01
1.431021197284106927e-01
1.522097691813268927e-01
1.616046306405766464e-01
1.712883867610642818e-01
1.812629885567913768e-01
1.915306893770105101e-01
2.020940822292497108e-01
2.129561407339915502e-01
2.241202640277601965e-01
2.355903259642983527e-01
2.473707290106883505e-01
2.594664632746612187e-01
2.718831711669642548e-01
2.846272182559270170e-01
2.977057709633398885e-01
3.111268818238710487e-01
3.248995831533410539e-01
3.390339900817209706e-01
3.535414140591344734e-01
3.684344881123705062e-01
3.837273053300484515e-01
3.994355722980660328e-01
4.155767794734236964e-01
4.321703908409947892e-01
4.492380555688079702e-01
4.668038448659901363e-01
4.848945178112781251e-01
5.035398205794040516e-01
5.227728243291369647e-01
5.426303079832957010e-01
5.631531933266304968e-01
5.843870413034879530e-01
6.063826201548291328e-01
6.291965582329026585e-01
6.528920970045896111e-01
6.775399630984809685e-01
7.032193823933085008e-01
7.300192643960817795e-01
7.580395917039257636e-01
7.873930577242130857e-01
8.182070064853069757e-01
8.506257421550862396e-01
8.848132936248299663e-01
9.209567428771324726e-01
9.592702564422894707e-01
1.000000000000000000e+00
