2.258178162662941371e-02
2.582254641382151356e-02
2.927834279518619354e-02
3.294922318168096165e-02
3.683524016657064443e-02
4.093645044693784013e-02
4.525291855134602054e-02
4.978472059259047428e-02
5.453194820999884146e-02
5.949471282996944554e-02
6.467315035122310485e-02
7.006742634679129222e-02
7.567774186624827426e-02
8.150433991695150981e-02
8.754751270121877149e-02
9.380760968528921440e-02
1.002850465783307193e-01
1.069803153002675117e-01
1.138939950217407598e-01
1.210267643629659301e-01
1.283794148423907655e-01
1.359528656726619600e-01
1.437481800071384319e-01
1.517665827485890351e-01
1.600094800388320027e-01
1.684784805603470326e-01
1.771754187902259414e-01
1.861023803615488581e-01
1.952617297018608977e-01
2.046561401363971022e-01
2.142886266636402914e-01
2.241625816356508372e-01
2.342818136002247364e-01
2.446505895955305709e-01
2.552736812243251441e-01
2.661564148735269808e-01
2.773047264991626015e-01
2.887252214471515144e-01
3.004252398496343179e-01
3.124129282129596286e-01
3.246973178956874539e-01
3.372884112901464726e-01
3.501972766244206836e-01
3.634361524599231119e-01
3.770185631096437118e-01
3.909594464047165818e-01
4.052752954583602185e-01
4.199843163475851515e-01
4.351066039529400409e-01
4.506643385604329199e-01
4.666820062958356163e-01
4.831866469846668455e-01
5.002081336646007070e-01
5.177794887767297460e-01
5.359372429514618341e-01
5.547218434650670327e-01
5.741781208068215125e-01
5.943558234599223278e-01
6.153102330770899853e-01
6.371028747741669385e-01
6.598023404090422872e-01
6.834852466463979814e-01
7.082373545714297780e-01
7.341548838030540480e-01
7.613460619846864619e-01
7.899329606236070722e-01
8.200536812505985207e-01
8.518649726912598252e-01
8.855453822793838414e-01
9.212990727675712810e-01
9.593604752591480267e-01
1.000000000000000000e+00
