2.007962994543905852e-02
2.337520236553745911e-02
2.691869303014046699e-02
3.071015117147359724e-02
3.474962451485920367e-02
3.903716390061019725e-02
4.357282749883163026e-02
4.835668497580374037e-02
5.338882185941719316e-02
5.866934428630109916e-02
6.419838427445323514e-02
6.997610564342493511e-02
7.600271069110685340e-02
8.227844773007436663e-02
8.880361958369788200e-02
9.557859314232806935e-02
1.026038100818922050e-01
1.098797988505808843e-01
1.174071880337002466e-01
1.251867212124411211e-01
1.332192734393591593e-01
1.415058694601359357e-01
1.500477038219400205e-01
1.588461630168001293e-01
1.679028498228125887e-01
1.772196100179273259e-01
1.867985616583670294e-01
1.966421271316389774e-01
2.067530682147134258e-01
2.171345243949278914e-01
2.277900547375562579e-01
2.387236836188787736e-01
2.499399506810753568e-01
2.614439654123391077e-01
2.732414668045750061e-01
2.853388886069611607e-01
2.977434307579330253e-01
3.104631376697872258e-01
3.235069841251627110e-01
3.368849696719618536e-01
3.506082225191021196e-01
3.646891141067813980e-01
3.791413856933109061e-01
3.939802885258071319e-01
4.092227394022139864e-01
4.248874937485325742e-01
4.409953386698851063e-01
4.575693088680834464e-01
4.746349288208211448e-01
4.922204852072021852e-01
5.103573342984758510e-01
5.290802499041338258e-01
5.484278184917673604e-01
5.684428894151239975e-01
5.891730897034119785e-01
6.106714148186237479e-01
6.329969090859106640e-01
6.562154524699219671e-01
6.804006739443292373e-01
7.056350162569331452e-01
7.320109825657075131e-01
7.596326026490681782e-01
7.886171655511061696e-01
8.190972773023158515e-01
8.512233175545307340e-01
8.851663887261737029e-01
9.211218772190085113e-01
9.593137805413464170e-01
1.000000000000000000e+00
