2.287938767153896089e-02
2.661844521868409960e-02
3.063821361476271737e-02
3.493875051566590340e-02
3.952011457001509964e-02
4.438237082063128253e-02
4.952559590632938519e-02
5.494988341493858147e-02
6.065534964700100562e-02
6.664213999305101943e-02
7.291043609383025814e-02
7.946046393327382829e-02
8.629250300362600878e-02
9.340689667721763234e-02
1.008040639194232729e-01
1.084845124785554504e-01
1.164488536936883617e-01
1.246978190665132546e-01
1.332322787513504914e-01
1.420532621265956641e-01
1.511619806210043326e-01
1.605598529808204833e-01
1.702485331793196222e-01
1.802299411844563715e-01
1.905062968223019959e-01
2.010801569956003065e-01
2.119544565413246928e-01
2.231325530449155825e-01
2.346182759598034462e-01
2.464159804271604526e-01
2.585306062341241606e-01
2.709677424081647357e-01
2.837336980103178363e-01
2.968355797659002482e-01
3.102813772603270626e-01
3.240800565374659103e-01
3.382416630547426806e-01
3.527774350995437902e-01
3.676999289385773917e-01
3.830231571738684782e-01
3.987627420159562952e-01
4.149360854641491181e-01
4.315625587147592923e-01
4.486637135150438049e-01
4.662635186448204072e-01
4.843886252808745074e-01
5.030686656523386535e-01
5.223365902264480720e-01
5.422290496281655381e-01
5.627868286866836156e-01
5.840553414443286906e-01
6.060851977217455167e-01
6.289328540186001071e-01
6.526613641672851518e-01
6.773412485126308891e-01
7.030515044900191857e-01
7.298807866856137361e-01
7.579287909837962856e-01
7.873078857248412277e-01
8.181450433675068190e-01
8.505841398493954042e-01
8.847887064652656397e-01
9.209452422108092007e-01
9.592672249258413775e-01
1.000000000000000000e+00
