2.260428847033549987e-02
2.610902000796221437e-02
2.986371322830650224e-02
3.386843756436735964e-02
3.812326213847073292e-02
4.262825991264218572e-02
4.738351203137671636e-02
5.238911244812218676e-02
5.764517293834264117e-02
6.315182860669078801e-02
6.890924399633051312e-02
7.491761990780669567e-02
8.117720103401925014e-02
8.768828451690634240e-02
9.445122953298315527e-02
1.014664680152898568e-01
1.087345166233272958e-01
1.162559900752154068e-01
1.240316159621582953e-01
1.320622511710841940e-01
1.403489000478503335e-01
1.488927344438192579e-01
1.576951157963104588e-01
1.667576194071681839e-01
1.760820610958766241e-01
1.856705264196445992e-01
1.955254026725467553e-01
2.056494138938999017e-01
2.160456591441807239e-01
2.267176543322693694e-01
2.376693779136064555e-01
2.489053208139299367e-01
2.604305409821624506e-01
2.722507230247085408e-01
2.843722434355201445e-01
2.968022420068076594e-01
3.095487000876613881e-01
3.226205264520167759e-01
3.360276516565441907e-01
3.497811318893702670e-01
3.638932634760995155e-01
3.783777093859287954e-01
3.932496392883871317e-01
4.085258849780420420e-01
4.242251132664135449e-01
4.403680187967738968e-01
4.569775396709126469e-01
4.740790992507459833e-01
4.917008781256292371e-01
5.098741209299313404e-01
5.286334835752212191e-01
5.480174275057425604e-01
5.680686688585218080e-01
5.888346919477668306e-01
6.103683384238332010e-01
6.327284857568051812e-01
6.559808316248642024e-01
6.801988043704512155e-01
7.054646241777932092e-01
7.318705453064590083e-01
7.595203168761394119e-01
7.885309087839185160e-01
8.190345610705250801e-01
8.511812301110531775e-01
8.851415246536886716e-01
9.211102504606448749e-01
9.593107163688605610e-01
1.000000000000000000e+00
