2.200009714743992456e-02
2.561479110971747256e-02
2.950173981105209953e-02
3.366101540749421445e-02
3.809268847386506479e-02
4.279683285570004547e-02
4.777353063508778253e-02
5.302287734629305971e-02
5.854498758712370354e-02
6.434000117168536814e-02
7.040808996543147791e-02
7.674946553825073847e-02
8.336438776727715660e-02
9.025317451883525799e-02
9.741621253857458973e-02
1.048539696801968346e-01
1.125670086063672304e-01
1.205560020999282417e-01
1.288217501296920198e-01
1.373651988228016818e-01
1.461874615040042180e-01
1.552898419739048297e-01
1.646738602098264670e-01
1.743412806884833410e-01
1.842941435454466537e-01
1.945347988069285050e-01
2.050659439528942363e-01
2.158906650957622131e-01
2.270124820903704765e-01
2.384353979292802295e-01
2.501639528160155002e-01
2.622032833606576796e-01
2.745591873997527688e-01
2.872381950060377553e-01
3.002476463383138006e-01
3.135957770653937660e-01
3.272918122125349494e-01
3.413460693985996275e-01
3.557700725852911416e-01
3.705766776262789941e-01
3.857802111170596238e-01
4.013966242766828785e-01
4.174436638885218320e-01
4.339410626528822368e-01
4.509107517169665957e-01
4.683770986200347375e-01
4.863671744559113219e-01
5.049110547587017939e-01
5.240421594258635185e-01
5.437976379883245892e-01
5.642188077726947304e-01
5.853516539238809990e-01
6.072474021162745927e-01
6.299631769353424282e-01
6.535627617017089053e-01
6.781174788391592934e-01
7.037072141931589586e-01
7.304216139432202493e-01
7.583614895194131789e-01
7.876404744236579214e-01
8.183869877497536027e-01
8.507465732406342962e-01
8.848847009126933338e-01
9.209901420856240195e-01
9.592790600006848578e-01
1.000000000000000000e+00
