2.069684547528188520e-02
2.423613590624386360e-02
2.805173679358633973e-02
3.214371489002322557e-02
3.651213744184225035e-02
4.115707584816038350e-02
4.607860968999322876e-02
5.127683123440517077e-02
5.675185051172024209e-02
6.250380106243041967e-02
6.853284645314937362e-02
7.483918766573409431e-02
8.142307146869101619e-02
8.828479988566820258e-02
9.542474088055136194e-02
1.028433403847270888e-01
1.105411357971266828e-01
1.185187710948480827e-01
1.267770136986189622e-01
1.353167732458216144e-01
1.441391224337174315e-01
1.532453201048830371e-01
1.626368367618469812e-01
1.723153827092136769e-01
1.822829390418474194e-01
1.925417917140334612e-01
2.030945689494819406e-01
2.139442822779106801e-01
2.250943715124814060e-01
2.365487540227387275e-01
2.483118786940181066e-01
2.603887850170261142e-01
2.727851678062456764e-01
2.855074481125132735e-01
2.985628509727302204e-01
3.119594907293404829e-01
3.257064647609115293e-01
3.398139565880926027e-01
3.542933494630357005e-01
3.691573517281189210e-01
3.844201354261943537e-01
4.000974898878533192e-01
4.162069923005481953e-01
4.327681976002004660e-01
4.498028504232953195e-01
4.673351223354796913e-01
4.853918781095584167e-01
5.040029755147799051e-01
5.232016038929746538e-01
5.430246677815965262e-01
5.635132230463196779e-01
5.847129744389948369e-01
6.066748452811225878e-01
6.294556321617351680e-01
6.531187602423649263e-01
6.777351581202232245e-01
7.033842753691519345e-01
7.301552711607547375e-01
7.581484089407943827e-01
7.874767006034624206e-01
8.182678543144891181e-01
8.506665940000338599e-01
8.848374364459309360e-01
9.209680354057908636e-01
9.592732330366010585e-01
1.000000000000000000e+00
