2.131287343304455809e-02
2.546925862183079675e-02
2.999276311663441955e-02
3.488344354779265855e-02
4.014136132509830979e-02
4.576658750344955728e-02
5.175920815405017639e-02
5.811933050471657786e-02
6.484709007920619328e-02
7.194265904228587527e-02
7.940625594540205723e-02
8.723815706427465178e-02
9.543870952278005193e-02
1.040083464034125688e-01
1.129476040550124460e-01
1.222571418184845715e-01
1.319377644055226284e-01
1.419904471792339251e-01
1.524163646021570451e-01
1.632169221363692357e-01
1.743937919012379101e-01
1.859489524177033448e-01
1.978847327980695625e-01
2.102038617702723933e-01
2.229095219647871939e-01
2.360054099356348745e-01
2.494958024389117568e-01
2.633856295506581957e-01
2.776805552818063516e-01
2.923870664258120811e-01
3.075125704753083888e-01
3.230655035651813223e-01
3.390554495271479452e-01
3.554932713109184572e-01
3.723912562202610355e-01
3.897632766290617945e-01
4.076249681285364357e-01
4.259939273577490471e-01
4.448899321752124436e-01
4.643351872575433581e-01
4.843545987821425425e-01
5.049760824827274064e-01
5.262309101605553430e-01
5.481541006846516462e-01
5.707848626500660050e-01
5.941670972685783036e-01
6.183499717473525115e-01
6.433885755157948694e-01
6.693446741995537907e-01
6.962875794306961907e-01
7.242951564978504786e-01
7.534549967878341192e-01
7.838657881516628567e-01
8.156389241368577903e-01
8.489004030138874723e-01
8.837930802705147304e-01
9.204793547451588509e-01
9.591443899109811655e-01
1.000000000000000000e+00
