2.168048170676954364e-02
2.550748195040716468e-02
2.964320307790286810e-02
3.408769657192677049e-02
3.884101513520323012e-02
4.390321834943606422e-02
4.927437809372972599e-02
5.495458416285393943e-02
6.094395039337374698e-02
6.724262153145341148e-02
7.385078103572209618e-02
8.076865998628469934e-02
8.799654726098471436e-02
9.553480113592315026e-02
1.033838624682107410e-01
1.115442696228738512e-01
1.200166753121457985e-01
1.288018655226920162e-01
1.379007807169138344e-01
1.473145395055696361e-01
1.570444650022237154e-01
1.670921140859959186e-01
1.774593098163137206e-01
1.881481772651458495e-01
1.991611830556130058e-01
2.105011789235531616e-01
2.221714496524301030e-01
2.341757657703762707e-01
2.465184414394966383e-01
2.592043980244325696e-01
2.722392338847203774e-01
2.856293010084513528e-01
2.993817891873379877e-01
3.135048185333619286e-01
3.280075412517053368e-01
3.429002537204428047e-01
3.581945200874458446e-01
3.739033087832399627e-01
3.900411435736624299e-01
4.066242710333660138e-01
4.236708466442945520e-01
4.412011420772289916e-01
4.592377766770153746e-01
4.778059766776833750e-01
4.969338663227612640e-01
5.166527958155714417e-01
5.369977119393365417e-01
5.580075782975983945e-01
5.797258534676406061e-01
6.022010370033092919e-01
6.254872952330277069e-01
6.496451812693959660e-01
6.747424667280019772e-01
7.008551064439217937e-01
7.280683622535731869e-01
7.564781178834467656e-01
7.861924246227962598e-01
8.173333270469342882e-01
8.500390304880003356e-01
8.844664879652771594e-01
9.207945050365489159e-01
9.592274883773289629e-01
1.000000000000000000e+00
