2.243995946913343933e-02
2.579973564443356626e-02
2.939163219259221041e-02
3.321570057875514875e-02
3.727199289706307345e-02
4.156056608607629210e-02
4.608148594733550707e-02
5.083483122244377567e-02
5.582069791644146683e-02
6.103920401306253685e-02
6.649049470191363553e-02
7.217474822186294159e-02
7.809218241586048104e-02
8.424306208817433639e-02
9.062770725300188512e-02
9.724650236366853828e-02
1.040999066142823393e-01
1.111884654072777950e-01
1.185128230863082277e-01
1.260737370370894617e-01
1.338720932665547758e-01
1.419089235762497903e-01
1.501854244552449924e-01
1.587029778268180813e-01
1.674631737933285069e-01
1.764678355386764264e-01
1.857190465583317407e-01
1.952191804081926663e-01
2.049709331792162192e-01
2.149773589289079578e-01
2.252419083270726097e-01
2.357684708008983554e-01
2.465614205035554229e-01
2.576256664643437055e-01
2.689667073340156200e-01
2.805906911816807292e-01
2.925044808768199611e-01
3.047157256494165689e-01
3.172329395170505606e-01
3.300655873627449943e-01
3.432241795645793458e-01
3.567203762143273948e-01
3.705671021242306074e-01
3.847786740019583651e-01
3.993709414062570073e-01
4.143614433399472330e-01
4.297695826612493164e-01
4.456168208450412838e-01
4.619268960687205050e-01
4.787260681171600640e-01
4.960433942056808321e-01
5.139110405889730782e-01
5.323646356994532480e-01
5.514436716659741888e-01
5.711919623672369051e-01
5.916581678166482616e-01
6.128963966231757432e-01
6.349669007517459995e-01
6.579368798031386412e-01
6.818814158249494328e-01
7.068845643733894235e-01
7.330406335064444390e-01
7.604556899024814687e-01
7.892493409408858351e-01
8.195568539167636946e-01
8.515316895409904552e-01
8.853485477053499864e-01
9.212070508604859320e-01
9.593362266511732406e-01
1.000000000000000000e+00
