2.113710025844776214e-02
2.493120170867910157e-02
2.903578343078722090e-02
3.345091879142968877e-02
3.817667726886238289e-02
4.321313090401554535e-02
4.856036046023951003e-02
5.421846164320136274e-02
6.018755168034443936e-02
6.646777651313522106e-02
7.305931882000435418e-02
7.996240706458024317e-02
8.717732574902380127e-02
9.470442704459818006e-02
1.025441439689308287e-01
1.106970052809697208e-01
1.191636522679924565e-01
1.279448576061566756e-01
1.370415464846722331e-01
1.464548201933479343e-01
1.561859823882766063e-01
1.662365682617997775e-01
1.766083768647561392e-01
1.873035068457032659e-01
1.983243958976461385e-01
2.096738642305869538e-01
2.213551624196636869e-01
2.333720240161551440e-01
2.457287233563597850e-01
2.584301390489912031e-01
2.714818236881140767e-01
2.848900804086352267e-01
2.986620469787188425e-01
3.128057882327423544e-01
3.273303977520373165e-01
3.422461098425159109e-01
3.575644230159604753e-01
3.732982363691682015e-01
3.894620004760200871e-01
4.060718846727783826e-01
4.231459629215191809e-01
4.407044208149349940e-01
4.587697867160984710e-01
4.773671905576403751e-01
4.965246544488403080e-01
5.162734200046371624e-01
5.366483182018688680e-01
5.576881886921589704e-01
5.794363568222701266e-01
6.019411782584871418e-01
6.252566630982908658e-01
6.494431938307251295e-01
6.745683545485302579e-01
7.007078925925361856e-01
7.279468385706305833e-01
7.563808166380592279e-01
7.861175844457444217e-01
8.172788518187366069e-01
8.500024394527510019e-01
8.844448548768678586e-01
9.207843835369501351e-01
9.592248199889006344e-01
1.000000000000000000e+00
