2.137040759030585726e-02
2.449053967698568146e-02
2.782103783167605426e-02
3.136194160742355325e-02
3.511329203348045186e-02
3.907513487871898394e-02
4.324752378985229767e-02
4.763052350484724834e-02
5.222421328520868850e-02
5.702869067730627350e-02
6.204407569312563042e-02
6.727051548926965552e-02
7.270818961665501123e-02
7.835731590999413243e-02
8.421815708552178592e-02
9.029102811507370985e-02
9.657630444740426812e-02
1.030744311483707820e-01
1.097859330362929847e-01
1.167114258914211111e-01
1.238516288235374796e-01
1.312073778862879458e-01
1.387796410335570552e-01
1.465695345190951016e-01
1.545783408488143884e-01
1.628075284042547199e-01
1.712587728658094000e-01
1.799339805755255928e-01
1.888353139942435532e-01
1.979652194208405269e-01
2.073264571626243225e-01
2.169221343639832211e-01
2.267557407240879674e-01
2.368311873656320510e-01
2.471528491416213891e-01
2.577256107122486983e-01
2.685549167581945951e-01
2.796468267521993178e-01
2.910080747643031818e-01
3.026461348420456665e-01
3.145692925860641420e-01
3.267867236290923905e-01
3.393085798266614050e-01
3.521460841002945763e-01
3.653116349974523946e-01
3.788189222183853677e-01
3.926830545394562333e-01
4.069207017954020178e-01
4.215502528643166880e-01
4.365919918949584533e-01
4.520682954260397679e-01
4.680038534688295004e-01
4.844259181859327801e-01
5.013645844345065994e-01
5.188531072239058739e-01
5.369282620692649166e-01
5.556307553796726584e-01
5.750056933750274935e-01
5.951031197549706553e-01
6.159786343934187114e-01
6.376941079377389521e-01
6.603185103403009792e-01
6.839288753747777561e-01
7.086114281435348383e-01
7.344629089344177908e-01
7.615921347222034399e-01
7.901218499203161993e-01
8.201909311110883172e-01
8.519570275946762861e-01
8.855997418905574570e-01
9.213244838276292148e-01
9.593671708849974555e-01
1.000000000000000000e+00
