2.121424264448860952e-02
2.457453589901836821e-02
2.817936518936552115e-02
3.202879075321062724e-02
3.612287038313448384e-02
4.046166434876555945e-02
4.504523995551668741e-02
4.987367604679061872e-02
5.494706768115752149e-02
6.026553116507853830e-02
6.582920958842773673e-02
7.163827898881719447e-02
7.769295525800631874e-02
8.399350189634070818e-02
9.054023871769957543e-02
9.733355160698241304e-02
1.043739034331844506e-01
1.116618462241481674e-01
1.191980347132547552e-01
1.269832413736162735e-01
1.350183730617165179e-01
1.433044894002799552e-01
1.518428230389341493e-01
1.606348019419518713e-01
1.696820738636965198e-01
1.789865331874417043e-01
1.885503503180048224e-01
1.983760038380535384e-01
2.084663156605470469e-01
2.188244894306076438e-01
2.294541524667541577e-01
2.403594015547919072e-01
2.515448529586631898e-01
2.630156970447565246e-01
2.747777579831697237e-01
2.868375590362342575e-01
2.992023940300977403e-01
3.118804056758937016e-01
3.248806715158129577e-01
3.382132983718420527e-01
3.518895263188174249e-01
3.659218433510951773e-01
3.803241121004399261e-01
3.951117101722687597e-01
4.103016859332725419e-01
4.259129318695358823e-01
4.419663779987669794e-01
4.584852082518061089e-01
4.754951032199669636e-01
4.930245133011217362e-01
5.111049669806286833e-01
5.297714198674703390e-01
5.490626511648909469e-01
5.690217155452275133e-01
5.896964599643781391e-01
6.111401168810757234e-01
6.334119877085588879e-01
6.565782332758066664e-01
6.807127917185256116e-01
7.058984487817479003e-01
7.322280912641363493e-01
7.598061816369281463e-01
7.887505010933386629e-01
8.191942202025604969e-01
8.512883717066840328e-01
8.852048199780182536e-01
9.211398478906900333e-01
9.593185165871049858e-01
1.000000000000000000e+00
