2.243563104962457630e-02
2.560890391087798992e-02
2.898983118530993816e-02
3.257846172337113683e-02
3.637484491040995221e-02
4.037903431297507756e-02
4.459109114702711207e-02
4.901108777445514764e-02
5.363911138068567369e-02
5.847526795208311812e-02
6.351968665074260445e-02
6.877252467091825305e-02
7.423397265342544793e-02
7.990426073027007137e-02
8.578366526950866044e-02
9.187251639019923533e-02
9.817120631852727097e-02
1.046801986577688276e-01
1.114000386479509913e-01
1.183313644941434289e-01
1.254749198473593119e-01
1.328315675263041229e-01
1.404023045741968623e-01
1.481882787523839951e-01
1.561908065792826095e-01
1.644113930325848960e-01
1.728517530428423932e-01
1.815138349188638034e-01
1.903998458579206909e-01
1.995122797099394274e-01
2.088539471842804363e-01
2.184280087048078023e-01
2.282380101480767920e-01
2.382879217222430845e-01
2.485821802791362556e-01
2.591257353888652970e-01
2.699240995466838933e-01
2.809834029342184736e-01
2.923104532129358613e-01
3.039128008925666147e-01
3.157988108991749976e-01
3.279777410485014699e-01
3.404598282467119486e-01
3.532563833487535887e-01
3.663798957585076010e-01
3.798441490130833875e-01
3.936643487954807896e-01
4.078572650436583236e-01
4.224413901032055829e-01
4.374371151812883607e-01
4.528669277545968042e-01
4.687556330238326074e-01
4.851306030609302544e-01
5.020220579341017064e-01
5.194633838894733291e-01
5.374914945965381108e-01
5.561472426300487770e-01
5.754758897281043728e-01
5.955276460980287734e-01
6.163582911155207622e-01
6.380298903613511596e-01
6.606116271458806199e-01
6.841807706821942947e-01
7.088238080871671620e-01
7.346377737606376579e-01
7.617318177264466028e-01
7.902290648500819303e-01
8.202688301260193660e-01
8.520092724606138646e-01
8.856305918411410127e-01
9.213389045657209842e-01
9.593709705729172033e-01
1.000000000000000000e+00
