2.087952089106657333e-02
2.409502764163897609e-02
2.753814260210407303e-02
3.120893215858458816e-02
3.510745893768055237e-02
3.923378630317211901e-02
4.358798260993437812e-02
4.817012541116089813e-02
5.298030578980435223e-02
5.801863296056200547e-02
6.328523926860012139e-02
6.878028569643376833e-02
7.450396798007589971e-02
8.045652342877984697e-02
8.663823853935966046e-02
9.304945749420148737e-02
9.969059163259370859e-02
1.065621299867318822e-01
1.136646509761651824e-01
1.209988353590517041e-01
1.285654805427750014e-01
1.363655163629432232e-01
1.444000224464911664e-01
1.526702472828785351e-01
1.611776291366841529e-01
1.699238189461910464e-01
1.789107053652670976e-01
1.881404421193383358e-01
1.976154778657769340e-01
2.073385887651797432e-01
2.173129139958785705e-01
2.275419944680508733e-01
2.380298150249241240e-01
2.487808504547602551e-01
2.598001156746440610e-01
2.710932205007471896e-01
2.826664294649878229e-01
2.945267272127924940e-01
3.066818900829392236e-01
3.191405645570327132e-01
3.319123533740116483e-01
3.450079102109293028e-01
3.584390439821001362e-01
3.722188339540898339e-01
3.863617570821036296e-01
4.008838291712778501e-01
4.158027617569551859e-01
4.311381368816204485e-01
4.469116023324152254e-01
4.631470903296547315e-01
4.798710631911302649e-01
4.971127901065998111e-01
5.149046599170121752e-01
5.332825357122074061e-01
5.522861581253657448e-01
5.719596055818041425e-01
5.923518213516291153e-01
6.135172192854355666e-01
6.355163825647186515e-01
6.584168728694538286e-01
6.822941711737761095e-01
7.072327761484343833e-01
7.333274921799560753e-01
7.606849466430413154e-01
7.894253857966373467e-01
8.196848111896855027e-01
8.516175346781782451e-01
8.853992512418866756e-01
9.212307566133096648e-01
9.593424735660538438e-01
1.000000000000000000e+00
