2.008220177036944623e-02
2.331615553756899092e-02
2.678862730781150434e-02
3.049968894088417662e-02
3.444940772791892092e-02
3.863785077071030943e-02
4.306508928842249506e-02
4.773120297340249785e-02
5.263628452747602660e-02
5.778044450730331072e-02
6.316381660006582799e-02
6.878656344298766934e-02
7.464888309360623309e-02
8.075101625301836505e-02
8.709325434165979263e-02
9.367594852593146004e-02
1.004995197952473079e-01
1.075644701901421058e-01
1.148713952861044052e-01
1.224209980412427623e-01
1.302141041224611495e-01
1.382516788295720112e-01
1.465348457466252030e-01
1.550649072570161324e-01
1.638433670697123645e-01
1.728719549179142112e-01
1.821526536019711651e-01
1.916877285692705768e-01
2.014797602382652209e-01
2.115316792992568418e-01
2.218468052472536145e-01
2.324288884347438244e-01
2.432821559616129281e-01
2.544113617658771975e-01
2.658218413167838245e-01
2.775195713737699799e-01
2.895112353302239372e-01
3.018042947355390471e-01
3.144070676774943229e-01
3.273288147976197160e-01
3.405798338333269060e-01
3.541715637152634266e-01
3.681166993973826185e-01
3.824293188001525734e-01
3.971250234419925751e-01
4.122210946110063667e-01
4.277366672266840752e-01
4.436929238912124540e-01
4.601133120815130151e-01
4.770237879157736560e-01
4.944530905740346372e-01
5.124330521488812407e-01
5.309989486292547856e-01
5.501898987599884716e-01
5.700493188458756189e-01
5.906254431467232724e-01
6.119719214788488237e-01
6.341485080216301418e-01
6.572218583230410305e-01
6.812664552061664658e-01
7.063656889012296380e-01
7.326131225945319292e-01
7.601139819515605467e-01
7.889869166538207024e-01
8.193660940331016773e-01
8.514037005912824529e-01
8.852729475582528096e-01
9.211717033974791136e-01
9.593269116678643238e-01
1.000000000000000000e+00
