1.972691962896042789e-02
2.327682163280018687e-02
2.711769795688782902e-02
3.124961391877737263e-02
3.567262972353809486e-02
4.038680681858254629e-02
4.539221357768824516e-02
5.068893081399936801e-02
5.627705748220375448e-02
6.215671684015459247e-02
6.832806328407341201e-02
7.479129003760254246e-02
8.154663785533498854e-02
8.859440489090580906e-02
9.593495787574078670e-02
1.035687447537283756e-01
1.114963089199924456e-01
1.197183052174385642e-01
1.282355178501030646e-01
1.370488803823679547e-01
1.461594980021798384e-01
1.555686722384863607e-01
1.652779283381096698e-01
1.752890455213179655e-01
1.856040903560445543e-01
1.962254535123503230e-01
2.071558901822274368e-01
2.183985644817413307e-01
2.299570981851101481e-01
2.418356241812344709e-01
2.540388450904574325e-01
2.665720975320646224e-01
2.794414225992395973e-01
2.926536431723629206e-01
3.062164487869558083e-01
3.201384888801442896e-01
3.344294753544937993e-01
3.491002955431845023e-01
3.641631368280032199e-01
3.796316243500024168e-01
3.955209734980962843e-01
4.118481591226663130e-01
4.286321037455768090e-01
4.458938874396712326e-01
4.636569824843208565e-01
4.819475164770225528e-01
5.007945682225284356e-01
5.202305015223824824e-01
5.402913429251768873e-01
5.610172106861699426e-01
5.824528035513026891e-01
6.046479597274089235e-01
6.276582985056124997e-01
6.515459595842996166e-01
6.763804583958908934e-01
7.022396797104888400e-01
7.292110368566876444e-01
7.573928302276697888e-01
7.868958467372638710e-01
8.178452522040087214e-01
8.503828417567547149e-01
8.846697304507210591e-01
9.208895884535333032e-01
9.592525545046558522e-01
1.000000000000000000e+00
