2.153128495378350479e-02
2.497555627937717709e-02
2.867310035889177391e-02
3.262396234606965845e-02
3.682818884277044152e-02
4.128583220128464321e-02
4.599695463819072905e-02
5.096163247916338929e-02
5.617996073649560163e-02
6.165205818027968271e-02
6.737807303469058040e-02
7.335818941512919911e-02
7.959263461316318233e-02
8.608168733330723299e-02
9.282568698448633027e-02
9.982504413113875430e-02
1.070802522117409450e-01
1.145919006372563553e-01
1.223606893871430623e-01
1.303874452275117779e-01
1.386731396836777819e-01
1.472189089077113044e-01
1.560260755929233634e-01
1.650961730983276921e-01
1.744309719591151664e-01
1.840325089772619216e-01
1.939031191013499966e-01
2.040454703289618088e-01
2.144626018862481054e-01
2.251579659720954751e-01
2.361354733799891359e-01
2.473995433583401349e-01
2.589551581050388851e-01
2.708079223509186062e-01
2.829641285427286213e-01
2.954308282082045989e-01
3.082159101666534506e-01
3.213281863465010102e-01
3.347774860778779948e-01
3.485747598657501500e-01
3.627321937960809595e-01
3.772633359134444642e-01
3.921832361136328715e-01
4.075086013551443842e-01
4.232579682787831477e-01
4.394518956767651252e-01
4.561131796841836339e-01
4.732670950344665117e-01
4.909416663473164522e-01
5.091679741052254071e-01
5.279805008498508201e-01
5.474175241624942290e-01
5.675215642620782264e-01
5.883398955787653151e-01
6.099251335815278896e-01
6.323359104030683575e-01
6.556376557437256780e-01
6.799035030501008325e-01
7.052153454615107675e-01
7.316650715997915499e-01
7.593560184079596320e-01
7.884046872424347319e-01
8.189427810171256983e-01
8.511196351333017995e-01
8.851051343529443560e-01
9.210932332388909183e-01
9.593062314415248260e-01
1.000000000000000000e+00
