2.029506027351078018e-02
2.341803508918754648e-02
2.676201010993388765e-02
3.032703569240779648e-02
3.411316021597639303e-02
3.812043425298310834e-02
4.234891435617835903e-02
4.679866675592421477e-02
5.146977117420675762e-02
5.636232491001555434e-02
6.147644731780520233e-02
6.681228478126564896e-02
7.237001627254421865e-02
7.814985958049147641e-02
8.415207828830451042e-02
9.037698957986124715e-02
9.682497295492172029e-02
1.034964799351343195e-01
1.103920448456609249e-01
1.175122967614273539e-01
1.248579727113062754e-01
1.324299322389390354e-01
1.402291734260261435e-01
1.482568504903820361e-01
1.565142930799518772e-01
1.650030273947900028e-01
1.737247992782069428e-01
1.826815994334760607e-01
1.918756909364821572e-01
2.013096392318780570e-01
2.109863448206892311e-01
2.209090788707726016e-01
2.310815220072821308e-01
2.415078065727996326e-01
2.521925626790983421e-01
2.631409684199336740e-01
2.743588046561615257e-01
2.858525148419806539e-01
2.976292704299738356e-01
3.096970424600984928e-01
3.220646800317025771e-01
3.347419964565855888e-01
3.477398640103853134e-01
3.610703183377392267e-01
3.747466737319125607e-01
3.887836506992626284e-01
4.031975174399616280e-01
4.180062471547806302e-01
4.332296933775990344e-01
4.488897859384401445e-01
4.650107505702605892e-01
4.816193557302342332e-01
4.987451908186607552e-01
5.164209807591485513e-01
5.346829428002828344e-01
5.535711925423996149e-01
5.731302075099276028e-01
5.934093582857666860e-01
6.144635192313111505e-01
6.363537733251033446e-01
6.591482287771724957e-01
6.829229689422537941e-01
7.077631619111176553e-01
7.337643623029738160e-01
7.610340455353498124e-01
7.896934247942143381e-01
8.198796136760537756e-01
8.517482140407465208e-01
8.854764301550673844e-01
9.212668386516479346e-01
9.593519815399287332e-01
1.000000000000000000e+00
