2.188599638487841864e-02
2.534997722537201195e-02
2.906618174850049419e-02
3.303465707649563127e-02
3.725545174056530545e-02
4.172862005350227999e-02
4.645422630770427302e-02
5.143234909265730070e-02
5.666308594183051828e-02
6.214655846976479409e-02
6.788291813177994849e-02
7.387235272261885588e-02
8.011509372188517497e-02
8.661142459011808570e-02
9.336169011898325099e-02
1.003663069400379942e-01
1.076257753003911632e-01
1.151406922169257302e-01
1.229117661270255069e-01
1.309398331597974030e-01
1.392258751601218869e-01
1.477710396054001951e-01
1.565766615673599427e-01
1.656442878803691121e-01
1.749757036941783916e-01
1.845729616027640962e-01
1.944384135600011054e-01
2.045747458141269626e-01
2.149850171167315971e-01
2.256727004923507196e-01
2.366417288843215005e-01
2.478965450342507093e-01
2.594421559953103418e-01
2.712841927310067902e-01
2.834289753141699952e-01
2.958835843053423398e-01
3.086559389791750374e-01
3.217548831593255443e-01
3.351902795309595340e-01
3.489731134390924305e-01
3.631156073281107677e-01
3.776313471598665705e-01
3.925354223642497087e-01
4.078445811163861623e-01
4.235774030483784869e-01
4.397544918331017794e-01
4.563986905174285957e-01
4.735353229605697711e-01
4.911924653434950883e-01
5.094012524253374030e-01
5.281962240807137610e-01
5.476157187023639183e-01
5.677023213128062906e-01
5.885033757737635485e-01
6.100715723773395549e-01
6.324656244231514624e-01
6.557510502643750794e-01
6.800010809089683805e-01
7.052977176856342068e-01
7.317329701687892429e-01
7.594103116369381734e-01
7.884463984147525029e-01
8.189731110508126077e-01
8.511399902876461976e-01
8.851171602638744362e-01
9.210988569503266721e-01
9.593077135850248682e-01
1.000000000000000000e+00
