2.006856318600388697e-02
2.364274484329927442e-02
2.750658706310300447e-02
3.166014732060871972e-02
3.610348528142660884e-02
4.083666639469139825e-02
4.585976579209797427e-02
5.117287265930436230e-02
5.677609522569118661e-02
6.266956650178999444e-02
6.885345088624716947e-02
7.532795175319627334e-02
8.209332014527748189e-02
8.914986468356599081e-02
9.649796282431960526e-02
1.041380735925057366e-01
1.120707519302959476e-01
1.202966648081394835e-01
1.288166092532055107e-01
1.376315324614273694e-01
1.467425541693937463e-01
1.561509914761252671e-01
1.658583863178439699e-01
1.758665358161993764e-01
1.861775257393049054e-01
1.967937673358879092e-01
2.077180378307743047e-01
2.189535248953851654e-01
2.305038754465542905e-01
2.423732491620327612e-01
2.545663771522232444e-01
2.670886262803054412e-01
2.799460696861141851e-01
2.931455641475312346e-01
3.066948349980608279e-01
3.206025694231876000e-01
3.348785190775270815e-01
3.495336131118195189e-01
3.645800828585509246e-01
3.800315996271380059e-01
3.959034272884583427e-01
4.122125916081664787e-01
4.289780686030308376e-01
4.462209945982594794e-01
4.639649011021138580e-01
4.822359781889777874e-01
5.010633707169849238e-01
5.204795125208542261e-01
5.405205046611714081e-01
5.612265449868236722e-01
5.826424176548925526e-01
6.048180530089468654e-01
6.278091702927349749e-01
6.516780183285204586e-01
6.764942324699709797e-01
7.023358302314910429e-01
7.292903729678681390e-01
7.574563274192674944e-01
7.869446689150172425e-01
8.178807784098295341e-01
8.504066986827755192e-01
8.846838321787987569e-01
9.208961853317856328e-01
9.592542935482679667e-01
1.000000000000000000e+00
