2.097415354131976217e-02
2.425703013788796034e-02
2.777595896600417238e-02
3.153100564386324828e-02
3.552223220281634786e-02
3.974970184322399597e-02
4.421348339596292004e-02
4.891365572570417070e-02
5.385031227226498574e-02
5.902356589288776378e-02
6.443355414303343631e-02
7.008044511602717908e-02
7.596444394966704594e-02
8.208580010134640392e-02
8.844481548894041201e-02
9.504185359353718721e-02
1.018773496209589430e-01
1.089518218205808853e-01
1.162658840638144397e-01
1.238202597887880507e-01
1.316157974235299399e-01
1.396534874068318111e-01
1.479344809329338206e-01
1.564601105569655981e-01
1.652319128073950483e-01
1.742516529637029854e-01
1.835213521748156884e-01
1.930433171046819774e-01
2.028201723177241178e-01
2.128548956313255081e-01
2.231508566955779926e-01
2.337118590828139719e-01
2.445421862114622591e-01
2.556466514612331098e-01
2.670306528891023823e-01
2.787002330046018383e-01
2.906621441307327136e-01
3.029239199429105134e-01
3.154939538701538315e-01
3.283815851354731086e-01
3.415971933342245026e-01
3.551523025796775590e-01
3.690596964007005765e-01
3.833335447773666416e-01
3.979895448956726756e-01
4.130450774856944118e-01
4.285193808903590140e-01
4.444337453961740292e-01
4.608117307650493322e-01
4.776794104450780565e-01
4.950656465256781935e-01
5.130024002684071549e-01
5.315250839233433000e-01
5.506729606083563544e-01
5.704896003689702288e-01
5.910234021101316015e-01
6.123281930700803510e-01
6.344639199213406577e-01
6.574974485777165256e-01
6.815034935388052384e-01
7.065657022240607876e-01
7.327779257119443335e-01
7.602457146485465111e-01
7.890880887061615390e-01
8.194396400698548133e-01
8.514530472686999696e-01
8.853020962227382551e-01
9.211853323359082690e-01
9.593305032906893626e-01
1.000000000000000000e+00
