2.102987843805504548e-02
2.458759330130134979e-02
2.842065053407230937e-02
3.252912080613091367e-02
3.691307095454971626e-02
4.157256961823301011e-02
4.650769259554782264e-02
5.171852820846541826e-02
5.720518291613268386e-02
6.296778738389001429e-02
6.900650318523349203e-02
7.532153029379967668e-02
8.191311550985909407e-02
8.878156195805167461e-02
9.592723978973291543e-02
1.033505982234203674e-01
1.110521790583811202e-01
1.190326318013259915e-01
1.272927305510767326e-01
1.358333927945498953e-01
1.446557002751924781e-01
1.537609221069040910e-01
1.631505403173084956e-01
1.728262780211912431e-01
1.827901304383035830e-01
1.930443989934231275e-01
2.035917287558637878e-01
2.144351495033936517e-01
2.255781207279418388e-01
2.370245809327753972e-01
2.487790016168938412e-01
2.608464463872112726e-01
2.732326356993969863e-01
2.859440177922988324e-01
2.989878464606868791e-01
3.123722663987848480e-01
3.261064069598372805e-01
3.402004852919068845e-01
3.546659199679915719e-01
3.695154563911771106e-01
3.847633054653495921e-01
4.004252972552443390e-01
4.165190516475759663e-01
4.330641683616119897e-01
4.500824390448743273e-01
4.675980846800393831e-01
4.856380220905998635e-01
5.042321640021579787e-01
5.234137579590284473e-01
5.432197703663909083e-01
5.636913231294403692e-01
5.848741918358282277e-01
6.068193762047349171e-01
6.295837557080052882e-01
6.532308460252562732e-01
6.778316752852238114e-01
7.034658033246473652e-01
7.302225123972183596e-01
7.582022044367895397e-01
7.875180484153587734e-01
8.182979321330976497e-01
8.506867866372684883e-01
8.848493695117390923e-01
9.209736167704350995e-01
9.592747041876595882e-01
1.000000000000000000e+00
