2.288751565228354726e-02
2.670652518186984042e-02
3.081777560866005156e-02
3.522133494809018273e-02
3.991727055977350308e-02
4.490565502882215565e-02
5.018657188846525896e-02
5.576012149919584715e-02
6.162642734324606103e-02
6.778564295038266851e-02
7.423795964142734793e-02
8.098361525707245545e-02
8.802290402835435956e-02
9.535618773967055595e-02
1.029839083344506467e-01
1.109066021145583836e-01
1.191249156894463174e-01
1.276396238386941773e-01
1.364516494521072487e-01
1.455620857377433741e-01
1.549722208786830924e-01
1.646835653504620800e-01
1.746978821183139130e-01
1.850172199543769214e-01
1.956439501363161915e-01
2.065808068145902621e-01
2.178309313633791100e-01
2.293979210674231550e-01
2.412858825319005029e-01
2.534994902562096586e-01
2.660440508590667386e-01
2.789255735129323455e-01
2.921508472149179636e-01
3.057275256138633490e-01
3.196642202101036556e-01
3.339706028699448437e-01
3.486575187340937299e-01
3.637371107657926261e-01
3.792229573862417880e-01
3.951302248623208557e-01
4.114758364005138280e-01
4.282786602142440446e-01
4.455597192198929579e-01
4.633424254705225676e-01
4.816528429959148760e-01
5.005199833536365661e-01
5.199761390069038702e-01
5.400572605725819653e-01
5.608033851623351884e-01
5.822591244109699415e-01
6.044742225362770283e-01
6.275041968303849416e-01
6.514110756195730101e-01
6.762642519113664097e-01
7.021414749513800180e-01
7.291300069267179218e-01
7.573279783628793504e-01
7.868459837705993332e-01
8.178089692747380068e-01
8.503584771244390161e-01
8.846553289103590290e-01
9.208828514737700255e-01
9.592507785739051718e-01
1.000000000000000000e+00
