2.159738482210231403e-02
2.498079189878289405e-02
2.860748975116837733e-02
3.247754045948762769e-02
3.659100777000718480e-02
4.094796019685040950e-02
4.554847443875049279e-02
5.039263919680526255e-02
5.548055947151579043e-02
6.081236141418985136e-02
6.638819780791632708e-02
7.220825425589001700e-02
7.827275615830237010e-02
8.458197656294627609e-02
9.113624497879441178e-02
9.793595724621942389e-02
1.049815865621209349e-01
1.122736957628973076e-01
1.198129509741257259e-01
1.276001367415516563e-01
1.356361727648786875e-01
1.439221323646521777e-01
1.524592628199442079e-01
1.612490077268479149e-01
1.702930315389785954e-01
1.795932464640302983e-01
1.891518419100452486e-01
1.989713166883389506e-01
2.090545142071272566e-01
2.194046609110356372e-01
2.300254082527692645e-01
2.409208785160861510e-01
2.520957148479427978e-01
2.635551359055881004e-01
2.753049955728928411e-01
2.873518482666845841e-01
2.997030204225523686e-01
3.123666888325974944e-01
3.253519666078558137e-01
3.386689976501898180e-01
3.523290606508753808e-01
3.663446837928977518e-01
3.807297715132204052e-01
3.954997448999877374e-01
4.106716975540210535e-01
4.262645690480619254e-01
4.422993384618869595e-01
4.587992409225279955e-01
4.757900105491655318e-01
4.933001538465163205e-01
5.113612582892027580e-01
5.300083417351492132e-01
5.492802493586698143e-01
5.692201060906545429e-01
5.898758341269925154e-01
6.113007469910417546e-01
6.335542340244533221e-01
6.567025521127740628e-01
6.808197451245865395e-01
7.059887161063749250e-01
7.323024830814147679e-01
7.598656565319753531e-01
7.887961860266788916e-01
8.192274353101529627e-01
8.513106606535658649e-01
8.852179872679205586e-01
9.211460049898242408e-01
9.593201392595911425e-01
1.000000000000000000e+00
