2.202396784836075858e-02
2.542788929551681107e-02
2.907409128313041824e-02
3.296262662386406639e-02
3.709354817907344060e-02
4.146691336722039406e-02
4.608278842489448718e-02
5.094125270947122419e-02
5.604240325420642432e-02
6.138635973808219404e-02
6.697327000291118659e-02
7.280331623270634711e-02
7.887672190002922856e-02
8.519375957896480056e-02
9.175475972226075638e-02
9.856012050089731080e-02
1.056103188062233467e-01
1.129059225179746828e-01
1.204476041469327574e-01
1.282361559657072547e-01
1.362725067479299002e-01
1.445577402451083682e-01
1.530931155379115782e-01
1.618800894101891652e-01
1.709203409063403123e-01
1.802157982458766627e-01
1.897686682863381213e-01
1.995814687426537559e-01
2.096570633960673502e-01
2.199987005469849211e-01
2.306100549982986747e-01
2.414952738876373628e-01
2.526590267285301894e-01
2.641065600640435940e-01
2.758437571883110562e-01
2.878772034592886886e-01
3.002142577909132637e-01
3.128631309969542307e-01
3.258329717667738934e-01
3.391339611508659146e-01
3.527774165808678086e-01
3.667759066041797467e-01
3.811433776865603695e-01
3.958952946651428384e-01
4.110487966874952215e-01
4.266228707624645788e-01
4.426385454252659835e-01
4.591191074325397525e-01
4.760903449068581983e-01
4.935808209803060342e-01
5.116221826861698796e-01
5.302495107522592344e-01
5.495017170047278299e-01
5.694219973823788639e-01
5.900583501466633018e-01
6.114641708046590907e-01
6.336989376512819350e-01
6.568290047803581055e-01
6.809285230919640552e-01
7.060805144294124425e-01
7.323781297356438680e-01
7.599261294810170098e-01
7.888426339064303905e-01
8.192612026277320547e-01
8.513333186210580994e-01
8.852313717273828653e-01
9.211522632890434270e-01
9.593217885203668693e-01
1.000000000000000000e+00
