1.982067284320637376e-02
2.316914120149270867e-02
2.677577477664718625e-02
3.064064063748191818e-02
3.476380499722128703e-02
3.914533657569928271e-02
4.378531026262037079e-02
4.868381116790848617e-02
5.384093914139310988e-02
5.925681384423702597e-02
6.493158045790529964e-02
7.086541612083302466e-02
7.705853718739512359e-02
8.351120740830748901e-02
9.022374713567314630e-02
9.719654366002783430e-02
1.044300627914508117e-01
1.119248618015716151e-01
1.196816038485772615e-01
1.277010740148785684e-01
1.359841970926893295e-01
1.445320572629010814e-01
1.533459198224020326e-01
1.624272551243754747e-01
1.717777649128180428e-01
1.813994112447544216e-01
1.912944482129112223e-01
2.014654567018622500e-01
2.119153824350767934e-01
2.226475775974082472e-01
2.336658463499728389e-01
2.449744945923839623e-01
2.565783843726469615e-01
2.684829933902822541e-01
2.806944801067284279e-01
2.932197550371790085e-01
3.060665588862569453e-01
3.192435482789825474e-01
3.327603899513106867e-01
3.466278643981998142e-01
3.608579801163321887e-01
3.754640997747458742e-01
3.904610798409907102e-01
4.058654254440780540e-01
4.216954625562986392e-01
4.379715299023213548e-01
4.547161934447513376e-01
4.719544867577052383e-01
4.897141812172263742e-01
5.080260906144042909e-01
5.269244156776302646e-01
5.464471349923329946e-01
5.666364500704382801e-01
5.875392938386959640e-01
6.092079136809686046e-01
6.317005424538406633e-01
6.550821737431471448e-01
6.794254611311495440e-01
7.048117656700300104e-01
7.313323812608502061e-01
7.590899746432162587e-01
7.882002855932773722e-01
8.187941443242739981e-01
8.510198777509466739e-01
8.850461954211610305e-01
9.210656708637288137e-01
9.592989672226219788e-01
1.000000000000000000e+00
