2.080908785181490722e-02
2.414914811122463242e-02
2.773475646869075911e-02
3.156597352243886018e-02
3.564286124967695757e-02
3.996548602978079040e-02
4.453392195695088374e-02
4.934825454028392983e-02
5.440858487584020187e-02
5.971503438578217721e-02
6.526775015652598599e-02
7.106691103028642265e-02
7.711273445494476464e-02
8.340548422257546002e-02
8.994547917036636864e-02
9.673310293917906921e-02
1.037688148884815392e-01
1.110531622704622606e-01
1.185867937727196481e-01
1.263704745443786359e-01
1.344051028283898552e-01
1.426917283299533323e-01
1.512315724605264866e-01
1.600260506068965638e-01
1.690767965882984392e-01
1.783856894751355837e-01
1.879548829636826512e-01
1.977868375145514501e-01
2.078843554883480216e-01
2.182506195337170496e-01
2.288892345146547047e-01
2.398042732949213496e-01
2.510003267375255365e-01
2.624825583235263493e-01
2.742567638438871414e-01
2.863294366836814375e-01
2.987078392841820973e-01
3.114000814575613729e-01
3.244152063200753111e-01
3.377632847255606641e-01
3.514555192167619357e-01
3.655043586622556129e-01
3.799236249306888191e-01
3.947286531757069339e-01
4.099364475478681769e-01
4.255658544598867055e-01
4.416377558789270075e-01
4.581752855509584332e-01
4.752040715590762909e-01
4.927525092259356643e-01
5.108520690954544419e-01
5.295376456000214782e-01
5.488479530772197856e-01
5.688259770883739019e-01
5.895194905479477221e-01
6.109816461108896757e-01
6.332716586069516707e-01
6.564555942560235113e-01
6.806072870279323839e-01
7.058094070793394792e-01
7.321547118936648779e-01
7.597475180665722583e-01
7.887054408222888835e-01
8.191614603191780253e-01
8.512663889667694272e-01
8.851918340233031479e-01
9.211337757988732333e-01
9.593169163778082487e-01
1.000000000000000000e+00
