2.117873356420724856e-02
2.460380933924887978e-02
2.828312641822533849e-02
3.221674273781748726e-02
3.640471431695612575e-02
4.084710031985268330e-02
4.554396773807293380e-02
5.049539603524818426e-02
5.570148200556197804e-02
6.116234503822797625e-02
6.687813294334787884e-02
7.284902847192881170e-02
7.907525664991843506e-02
8.555709303877027938e-02
9.229487303240375973e-02
9.928900230021289741e-02
1.065399684873331171e-01
1.140483542878479306e-01
1.218148520101991206e-01
1.298402797616874382e-01
1.381255993850066255e-01
1.466719362890885336e-01
1.554806013267736320e-01
1.645531148825031265e-01
1.738912333487132589e-01
1.834969781826617519e-01
1.933726677552348727e-01
2.035209522247802827e-01
2.139448516910446574e-01
2.246477979142446901e-01
2.356336799182737474e-01
2.469068938297794280e-01
2.584723973584683310e-01
2.703357693641803006e-01
2.825032750255278557e-01
2.949819371926845624e-01
3.077796145822820351e-01
3.209050875783161505e-01
3.343681525053774362e-01
3.481797253760683941e-01
3.623519562665745153e-01
3.768983556503662791e-01
3.918339342388973967e-01
4.071753581239668240e-01
4.229411213046273543e-01
4.391517380491953837e-01
4.558299579385625688e-01
4.730010069465641620e-01
4.906928585037629853e-01
5.089365392001427013e-01
5.277664746386017125e-01
5.472208820020716402e-01
5.673422171350350762e-01
5.881776854995388604e-01
6.097798282258092284e-01
6.322071968108183837e-01
6.555251328755818951e-01
6.798066729447683754e-01
7.051336026730188333e-01
7.315976905293297694e-01
7.593021380307583001e-01
7.883632926124090057e-01
8.189126807693760668e-01
8.510994339901551964e-01
8.850931993439558054e-01
9.210876520157978975e-01
9.593047604945524887e-01
1.000000000000000000e+00
