2.283760207250042779e-02
2.642469870111534280e-02
3.027113422272788984e-02
3.437696883788108476e-02
3.874226275260356234e-02
4.336708124197411612e-02
4.825149950491230272e-02
5.339560760525585703e-02
5.879951572528618192e-02
6.446335991209989347e-02
7.038730846782251249e-02
7.657156911663627608e-02
8.301639707115839040e-02
8.972210411521672202e-02
9.668906881870009684e-02
1.039177480003805887e-01
1.114086895580720521e-01
1.191625467892763607e-01
1.271800943315121724e-01
1.354622458581603850e-01
1.440100736747877141e-01
1.528248303700791288e-01
1.619079726867212188e-01
1.712611877922342873e-01
1.808864221429073715e-01
1.907859131540175224e-01
2.009622239088737772e-01
2.114182811628631253e-01
2.221574169282129751e-01
2.331834139550339746e-01
2.445005554641278278e-01
2.561136795289030710e-01
2.680282385555826652e-01
2.802503643712367376e-01
2.927869394947322235e-01
3.056456752502937357e-01
3.188351974786000076e-01
3.323651407007076064e-01
3.462462517370123449e-01
3.604905039163703306e-01
3.751112232003293023e-01
3.901232277540239157e-01
4.055429827421210831e-01
4.213887724151146319e-01
4.376808919135036779e-01
4.544418616070598493e-01
4.716966672988814335e-01
4.894730301921837445e-01
5.078017112405412981e-01
5.267168553360885852e-01
5.462563818225635304e-01
5.664624290678738072e-01
5.873818623452079501e-01
6.090668561283664184e-01
6.315755641992988334e-01
6.549728937938306128e-01
6.793314035122182126e-01
7.047323491145162100e-01
7.312669068622822399e-01
7.590376109711441943e-01
7.881600506908670312e-01
8.187648838162849829e-01
8.510002381014764028e-01
8.850345911144668065e-01
9.210602438983407358e-01
9.592975368566822869e-01
1.000000000000000000e+00
