2.216436125077788505e-02
2.571431174725207977e-02
2.952562225719966224e-02
3.359834861246131094e-02
3.793254662707206543e-02
4.252827711084527368e-02
4.738561060856900931e-02
5.250463221056099472e-02
5.788544667002439026e-02
6.352818401417356653e-02
6.943300580211712869e-02
7.560011216282122581e-02
8.202974973532085878e-02
8.872222062820769861e-02
9.567789251328287503e-02
1.028972099700377341e-01
1.103807071996115580e-01
1.181290222320031807e-01
1.261429127559677288e-01
1.344232737082608209e-01
1.429711567664764538e-01
1.517877919015029053e-01
1.608746111544732682e-01
1.702332748188030986e-01
1.798657002209331501e-01
1.897740933138630515e-01
1.999609833144384841e-01
2.104292606425628154e-01
2.211822184475074338e-01
2.322235980351321227e-01
2.435576385534996835e-01
2.551891313314340604e-01
2.671234793199362412e-01
2.793667621431753512e-01
2.919258073338940607e-01
3.048082684111524387e-01
3.180227105507619223e-01
3.315787047054689074e-01
3.454869311679375499e-01
3.597592937122132128e-01
3.744090456343414641e-01
3.894509292128117695e-01
4.049013303659087515e-01
4.207784505666629093e-01
4.371024984212664166e-01
4.538959037335334457e-01
4.711835573575250957e-01
4.889930807401741131e-01
5.073551297305936014e-01
5.263037381134355597e-01
5.458767073160689653e-01
5.661160499887468722e-01
5.870684966752600653e-01
6.087860766297009674e-01
6.313267861184052032e-01
6.547553603461632177e-01
6.791441686691730428e-01
7.045742570768642743e-01
7.311365674380669866e-01
7.589333699472823325e-01
7.880799539802196829e-01
8.187066338683064437e-01
8.509611406951328449e-01
8.850114900226926373e-01
9.210494403176275879e-01
9.592946894217099230e-01
1.000000000000000000e+00
