2.041656324404492878e-02
2.348795931044030810e-02
2.677211842827570062e-02
3.026908842664104149e-02
3.397891569999596240e-02
3.790164908286024897e-02
4.203734338934048131e-02
4.638606288262924621e-02
5.094788486214885115e-02
5.572290350865559405e-02
6.071123409790369491e-02
6.591301767617946394e-02
7.132842627996795193e-02
7.695766877611621981e-02
8.280099739611482268e-02
8.885871503701527063e-02
9.513118340202073031e-02
1.016188320561026565e-01
1.083221684739238827e-01
1.152417891611362960e-01
1.223783919344426235e-01
1.297327894504796408e-01
1.373059240794751723e-01
1.450988842261751177e-01
1.531129222085659825e-01
1.613494738128874728e-01
1.698101796551898246e-01
1.784969084883982759e-01
1.874117826115890562e-01
1.965572055482694425e-01
2.059358921835231782e-01
2.155509015663835681e-01
2.254056726097349583e-01
2.355040629463172053e-01
2.458503912309012440e-01
2.564494832162525495e-01
2.673067219725697163e-01
2.784281026651830304e-01
2.898202923703423473e-01
3.014906954640164116e-01
3.134475252050289429e-01
3.256998822145839023e-01
3.382578406624069389e-01
3.511325430884346677e-01
3.643363049328795511e-01
3.778827300050113802e-01
3.917868383254760611e-01
4.060652079961757921e-01
4.207361330266208288e-01
4.358197993606821585e-01
4.513384817270879035e-01
4.673167643827870754e-01
4.837817893694552618e-01
5.007635365194507138e-01
5.182951402522275597e-01
5.364132491188241536e-01
5.551584351828469099e-01
5.745756617148973788e-01
5.947148193616011991e-01
6.156313430182033253e-01
6.373869241777720962e-01
6.600503367449294112e-01
6.836983981931255006e-01
7.084170929766093749e-01
7.343028913171877337e-01
7.614643044690407869e-01
7.900237277223358667e-01
8.201196354790867282e-01
8.519092097009621778e-01
8.855715051966845941e-01
9.213112843775709271e-01
9.593636929507441957e-01
1.000000000000000000e+00
