2.218856048405204451e-02
2.588857295627207747e-02
2.987142056475093968e-02
3.413716997796391317e-02
3.868588622198973481e-02
4.351763843180835034e-02
4.863250534789261698e-02
5.403058088726072489e-02
5.971198005193201208e-02
6.567684538942397676e-02
7.192535418695662763e-02
7.845772656001955003e-02
8.527423458379854160e-02
9.237521260906890463e-02
9.976106890210351130e-02
1.074322987496897364e-01
1.153894991728182107e-01
1.236333853984530468e-01
1.321648092459708768e-01
1.409847795929526637e-01
1.500944850958619847e-01
1.594953193529154156e-01
1.691889087117121604e-01
1.791771429380750735e-01
1.894622089855572955e-01
2.000466281239852429e-01
2.109332967124059044e-01
2.221255309338927841e-01
2.336271158409531090e-01
2.454423591054664677e-01
2.575761499107322439e-01
2.700340234841310250e-01
2.828222318279024483e-01
2.959478212900032434e-01
3.094187176944994122e-01
3.232438198726296785e-01
3.374331025377702575e-01
3.519977296130423761e-01
3.669501792712962507e-01
3.823043821586190605e-01
3.980758745064155724e-01
4.142819681087359096e-01
4.309419394815769411e-01
4.480772409061594130e-01
4.657117365285323718e-01
4.838719672485234380e-01
5.025874487927548540e-01
5.218910081827669023e-01
5.418191647784650344e-01
5.624125632455657664e-01
5.837164672508234897e-01
6.057813244261304186e-01
6.286634153072492293e-01
6.524256015879655868e-01
6.771381923797679114e-01
7.028799511932281030e-01
7.297392715958104237e-01
7.578155559397319330e-01
7.872208397975574146e-01
8.180817153282673448e-01
8.505416202693257821e-01
8.847635768312021032e-01
9.209334877049242252e-01
9.592641264970074300e-01
1.000000000000000000e+00
