2.063909930176126631e-02
2.361059330916077253e-02
2.677958880019130211e-02
3.014612635552741879e-02
3.371024665569715556e-02
3.747199367068295567e-02
4.143141763998111488e-02
4.558857804733924129e-02
4.994354673519240534e-02
5.449641126774522337e-02
5.924727863004634193e-02
6.419627933729149527e-02
6.934357202098570538e-02
7.468934855421065222e-02
8.023383977656589616e-02
8.597732187837338336e-02
9.192012350572269230e-02
9.806263364756710732e-02
1.044053103701676199e-01
1.109486904662409651e-01
1.176934000892245757e-01
1.246401664481237848e-01
1.317898306423928023e-01
1.391433617214449248e-01
1.467018720606273474e-01
1.544666341516997277e-01
1.624390989136769992e-01
1.706209156406563454e-01
1.790139537123189295e-01
1.876203262055049503e-01
1.964424155598528676e-01
2.054829014669442011e-01
2.147447911681751864e-01
2.242314523731435139e-01
2.339466490287379630e-01
2.438945802039643174e-01
2.540799223816805341e-01
2.645078754931468601e-01
2.751842130670953956e-01
2.861153369253766621e-01
2.973083369023024614e-01
3.087710561495737860e-01
3.205121626465871620e-01
3.325412276494200126e-01
3.448688118973263217e-01
3.575065605354514897e-01
3.704673078433148303e-01
3.837651930432804392e-01
3.974157886466023193e-01
4.114362430386061531e-01
4.258454392781431674e-01
4.406641724104251590e-01
4.559153479854419211e-01
4.716242049315777507e-01
4.878185664858852855e-01
5.045291235515003692e-01
5.217897556333753739e-01
5.396378954941030148e-01
5.581149447972316713e-01
5.772667494854982762e-01
5.971441453149725076e-01
6.178035861830144526e-01
6.393078704624129971e-01
6.617269839067073667e-01
6.851390817465581318e-01
7.096316377984881463e-01
7.353027948812049797e-01
7.622629591818887995e-01
7.906366917385893034e-01
8.205649639830769893e-01
8.522078619447137626e-01
8.857478470339027465e-01
9.213937119386240715e-01
9.593854110945523317e-01
1.000000000000000000e+00
