2.016449821865271691e-02
2.353098574337093157e-02
2.715477860793726397e-02
3.103593378415916981e-02
3.517450520506674311e-02
3.957054898798676584e-02
4.422412815220121834e-02
4.913531722686056979e-02
5.430420702890718931e-02
5.973090981978131098e-02
6.541556500540936236e-02
7.135834551844302820e-02
7.755946500585868264e-02
8.401918593746544872e-02
9.073782874677419064e-02
9.771578211553012816e-02
1.049535145148378923e-01
1.124515871192946492e-01
1.202106682152818268e-01
1.282315492307169458e-01
1.365151625209448383e-01
1.450626010538951238e-01
1.538751401478243852e-01
1.629542614261922095e-01
1.723016791684134352e-01
1.819193692496139103e-01
1.918096008810898367e-01
2.019749713848518480e-01
2.124184442576332599e-01
2.231433908090492690e-01
2.341536356919096951e-01
2.454535066783593844e-01
2.570478890811264683e-01
2.689422852700573130e-01
2.811428797922575495e-01
2.936566106775863605e-01
3.064912475844602247e-01
3.196554775476114774e-01
3.331589991882023538e-01
3.470126263818196777e-01
3.612284025365348761e-01
3.758197267995664337e-01
3.908014937378600506e-01
4.061902482693810490e-01
4.220043579268096257e-01
4.382642048828909731e-01
4.549924005695217821e-01
4.722140262281455114e-01
4.899569033146925490e-01
5.082518983856547656e-01
5.271332679455186243e-01
5.466390497777481317e-01
5.668115085119485030e-01
5.876976447234584233e-01
6.093497787214162686e-01
6.318262224778053993e-01
6.551920559969511837e-01
6.795200279581314895e-01
7.048916048502700260e-01
7.313981984171055162e-01
7.591426081884661281e-01
7.882407248135164801e-01
8.188235513659755105e-01
8.510396144818566100e-01
8.850578564011257754e-01
9.210711240403199884e-01
9.593004044298185651e-01
1.000000000000000000e+00
