2.117595606602851177e-02
2.467048639763178702e-02
2.842930238794002390e-02
3.245247015817846054e-02
3.674005260625973907e-02
4.129211485789372610e-02
4.610872936435524150e-02
5.118998096441213647e-02
5.653597216213425425e-02
6.214682882346919679e-02
6.802270646056995940e-02
7.416379725069653650e-02
8.057033792267331851e-02
8.724261863644668102e-02
9.418099297730020414e-02
1.013858891863372302e-01
1.088578227504857637e-01
1.165974104791515503e-01
1.246053861992361678e-01
1.328826182082691598e-01
1.414301286319638029e-01
1.502491148429957735e-01
1.593409731087505055e-01
1.687073246487983125e-01
1.783500442977290767e-01
1.882712919870292712e-01
1.984735472792629740e-01
2.089596472117490611e-01
2.197328277350951431e-01
2.307967690614060319e-01
2.421556452774324963e-01
2.538141786185140747e-01
2.657776988491637460e-01
2.780522082572399190e-01
2.906444528359508062e-01
3.035620003039553594e-01
3.168133257146386050e-01
3.304079055078474880e-01
3.443563209886306709e-01
3.586703723668869803e-01
3.733632046668148297e-01
3.884494470279074019e-01
4.039453671521616163e-01
4.198690429559106541e-01
4.362405538202536182e-01
4.530821942369296362e-01
4.704187131465737415e-01
4.882775828319118050e-01
5.066893019340287241e-01
5.256877380055079430e-01
5.453105160098552506e-01
5.655994604241235679e-01
5.866011001097745092e-01
6.083672469141854222e-01
6.309556612779695373e-01
6.544308208701197227e-01
6.788648117525810655e-01
7.043383659244130124e-01
7.309420744845469553e-01
7.587778125857275180e-01
7.879604210062380876e-01
8.186197004288003898e-01
8.509027888485889424e-01
8.849770112958416091e-01
9.210333154881141793e-01
9.592904394457459905e-01
1.000000000000000000e+00
