2.260047730758404927e-02
2.665680059864452417e-02
3.104525549763098233e-02
3.576591806199604789e-02
4.081886380483742277e-02
4.620417371590042344e-02
5.192194053978651386e-02
5.797227550426777010e-02
6.435531570510887034e-02
7.107123235341063217e-02
7.812024008636393735e-02
8.550260753661309554e-02
9.321866935249718822e-02
1.012688398597417216e-01
1.096536285582428577e-01
1.183736576509925864e-01
1.274296818100910944e-01
1.368226103931447502e-01
1.465535323353026331e-01
1.566237439557174593e-01
1.670347799325337390e-01
1.777884477216764569e-01
1.888868657142220853e-01
2.003325054545971873e-01
2.121282382730591276e-01
2.242773867185041681e-01
2.367837812220086324e-01
2.496518224682718612e-01
2.628865500108130693e-01
2.764937177317373651e-01
2.904798768255065222e-01
3.048524670832873373e-01
3.196199173554354345e-01
3.347917562016626825e-01
3.503787338945822394e-01
3.663929571088144765e-01
3.828480378490313751e-01
3.997592584118835335e-01
4.171437544813370590e-01
4.350207187917376483e-01
4.534116282297008249e-01
4.723404977335454724e-01
4.918341649362892309e-01
5.119226102425271652e-01
5.326393178585067112e-01
5.540216843610087372e-01
5.761114826413824552e-01
5.989553906073599165e-01
6.226055959114767946e-01
6.471204902773693979e-01
6.725654698673476650e-01
6.990138616756333967e-01
7.265480003520941032e-01
7.552604854197312312e-01
7.852556558659791186e-01
8.166513279518331503e-01
8.495808535174855791e-01
8.841955706461052111e-01
9.206677376073398866e-01
9.591940657766109268e-01
1.000000000000000000e+00
