2.221095424773189553e-02
2.520426050532563120e-02
2.838453757049143669e-02
3.175183157090331193e-02
3.530618890545560162e-02
3.904765942049385347e-02
4.297629941342408916e-02
4.709217463559679795e-02
5.139536342208226444e-02
5.588596004707506448e-02
6.056407838586520820e-02
6.542985595255443321e-02
7.048345837550230863e-02
7.572508436871046300e-02
8.115497125495937936e-02
8.677340109579396998e-02
9.258070748445251796e-02
9.857728305804087932e-02
1.047635877879531524e-01
1.111401581097550134e-01
1.177076169566705910e-01
1.244666847645812396e-01
1.314181915200542117e-01
1.385630899292807638e-01
1.459024697891451727e-01
1.534375736498137799e-01
1.611698138655578150e-01
1.691007911365293437e-01
1.772323146577476083e-01
1.855664239985750918e-01
1.941054128518840960e-01
2.028518548038208413e-01
2.118086312943058547e-01
2.209789619554309581e-01
2.303664375382563634e-01
2.399750556627114340e-01
2.498092596561373724e-01
2.598739807772239563e-01
2.701746841617992945e-01
2.807174188737250886e-01
2.915088724897433869e-01
3.025564307146328957e-01
3.138682425832998169e-01
3.254532918940729047e-01
3.373214756048713570e-01
3.494836900350541953e-01
3.619519258372187465e-01
3.747393728588704898e-01
3.878605361734374091e-01
4.013313647765174297e-01
4.151693946672512237e-01
4.293939083264579071e-01
4.440261129300036025e-01
4.590893400319860929e-01
4.746092699192731579e-01
4.906141844140272101e-01
5.071352525481067630e-01
5.242068543877947961e-01
5.418669492175657298e-01
5.601574955332668804e-01
5.791249317198686741e-01
5.988207280696494772e-01
6.193020230074817167e-01
6.406323590858238326e-01
6.628825376745043352e-01
6.861316155052191723e-01
7.104680715051721052e-01
7.359911790556692424e-01
7.628126273280143588e-01
7.910584462924319382e-01
8.208713040371520275e-01
8.524132634147926213e-01
8.858691089671210106e-01
9.214503868582198942e-01
9.594003428129619371e-01
1.000000000000000000e+00
