1.970991685951992839e-02
2.258235031627667949e-02
2.564759123504272223e-02
2.890568986058063630e-02
3.235669336429281701e-02
3.600064954326608752e-02
3.983761011731457718e-02
4.386763386964267347e-02
4.809078980720081498e-02
5.250716047228819183e-02
5.711684550762034795e-02
6.191996555944118130e-02
6.691666659129588690e-02
7.210712467409510773e-02
7.749155131443101474e-02
8.307019938069931664e-02
8.884336968646963650e-02
9.481141829125701304e-02
1.009747645797471338e-01
1.073339001832772643e-01
1.138893988100488086e-01
1.206419270537877203e-01
1.275922562548014449e-01
1.347412754916894051e-01
1.420900057881049339e-01
1.496396156247325193e-01
1.573914378531464930e-01
1.653469881182021983e-01
1.735079849033580035e-01
1.818763713241790814e-01
1.904543388095759626e-01
1.992443528218243998e-01
2.082491807848627918e-01
2.174719224088140224e-01
2.269160426186440649e-01
2.365854073234508748e-01
2.464843222863327687e-01
2.566175753933166437e-01
2.669904826549799881e-01
2.776089383174943359e-01
2.884794695137786746e-01
2.996092959423491964e-01
3.110063951285019779e-01
3.226795739073751168e-01
3.346385468479877723e-01
3.468940224628629387e-01
3.594577981508287334e-01
3.723428649873006258e-01
3.855635236303356916e-01
3.991355128178110112e-01
4.130761521742666309e-01
4.274045013047633179e-01
4.421415375037040518e-01
4.573103547844369343e-01
4.729363874021122460e-01
4.890476616051750991e-01
5.056750800113241073e-01
5.228527438121794990e-01
5.406183189772828523e-01
5.590134538183214596e-01
5.780842566832488094e-01
5.978818443580016240e-01
6.184629738602663851e-01
6.398907730237147762e-01
6.622355885931902053e-01
6.855759746821382672e-01
7.099998496679559290e-01
7.356058562367739917e-01
7.625049675965859253e-01
7.908223937286565919e-01
8.206998552879483100e-01
8.522983108812228759e-01
8.858012469120856158e-01
9.214186704371087888e-01
9.593919868358183889e-01
1.000000000000000000e+00
