2.160303147364424359e-02
2.550866016169551706e-02
2.973633125803373800e-02
3.428610775846956810e-02
3.915805117150626680e-02
4.435222813487935817e-02
4.986871661467575517e-02
5.570761219098453731e-02
6.186903479467780603e-02
6.835313617508688433e-02
7.516010832766922833e-02
8.229019308201387939e-02
8.974369303527321429e-02
9.752098400935201028e-02
1.056225292097235924e-01
1.140488952658933464e-01
1.228007703404897233e-01
1.318789845014468054e-01
1.412845325622258674e-01
1.510185996080330439e-01
1.610825894400235714e-01
1.714781561867934345e-01
1.822072393527094381e-01
1.932721025947279070e-01
2.046753765484657928e-01
2.164201060520350994e-01
2.285098021571402571e-01
2.409484993561813171e-01
2.537408185069540689e-01
2.668920359910412765e-01
2.804081597196939613e-01
2.942960126684098232e-01
3.085633247310715088e-01
3.232188337851655269e-01
3.382723969949892329e-01
3.537351135391504919e-01
3.696194601197034801e-01
3.859394408395335763e-01
4.027107532808995027e-01
4.199509729223874221e-01
4.376797583942351744e-01
4.559190804953777709e-01
4.746934784084191339e-01
4.940303471628924581e-01
5.139602611259103115e-01
5.345173391893502934e-01
5.557396583904339327e-01
5.776697239999983857e-01
6.003550057014384045e-01
6.238485514191628445e-01
6.482096927300485811e-01
6.735048587555950705e-01
6.998085190886619289e-01
7.272042808498456745e-01
7.557861707619510927e-01
7.856601403444771758e-01
8.169458415652995908e-01
8.497787321042472586e-01
8.843125845924837414e-01
9.207224939723395174e-01
9.592085029867003509e-01
1.000000000000000000e+00
