1.966495228352780136e-02
2.287430822090363858e-02
2.632345797206832663e-02
3.001246825007785127e-02
3.394140018800860525e-02
3.811031446624447289e-02
4.251927595720635805e-02
4.716835818876687764e-02
5.205764786523007365e-02
5.718724963595245986e-02
6.255729126682559038e-02
6.816792934622420419e-02
7.401935564115508237e-02
8.011180421034000410e-02
8.644555937523593081e-02
9.302096464823032818e-02
9.983843271677128595e-02
1.068984565843499740e-01
1.142016219724507203e-01
1.217486210911720157e-01
1.295402678930124007e-01
1.375775149293415045e-01
1.458614719382479996e-01
1.543934263007270824e-01
1.631748655128809067e-01
1.722075018340547825e-01
1.814932992849975779e-01
1.910345031861205023e-01
2.008336724458673062e-01
2.108937148288572150e-01
2.212179254614825286e-01
2.318100288606474713e-01
2.426742248043127492e-01
2.538152384044252141e-01
2.652383747879531461e-01
2.769495788421552640e-01
2.889555005480584637e-01
3.012635664933551727e-01
3.138820582408828885e-01
3.268201983312284953e-01
3.400882448058824004e-01
3.536975952774848442e-01
3.676609017304134364e-01
3.819921974115372820e-01
3.967070374058760951e-01
4.118226547270295024e-01
4.273581340730041589e-01
4.433346057481110658e-01
4.597754626835410252e-01
4.767066039962101209e-01
4.941567091398055833e-01
5.121575474362349834e-01
5.307443286497729451e-01
5.499561013549312261e-01
5.698362071305166365e-01
5.904328002137586573e-01
6.117994441929560656e-01
6.339957996985549071e-01
6.570884200638472672e-01
6.811516755544214652e-01
7.062688314713995164e-01
7.325333111848169043e-01
7.600501825737915329e-01
7.889379157115955499e-01
8.193304717504249490e-01
8.513797984668488583e-01
8.852588283373467037e-01
9.211651015607734694e-01
9.593251718613502455e-01
1.000000000000000000e+00
