2.149745160917312589e-02
2.501100906416990968e-02
2.878781314379000311e-02
3.282793527400197642e-02
3.713144409723084099e-02
4.169841043842096445e-02
4.652891222430813323e-02
5.162303952797241829e-02
5.698089990820906503e-02
6.260262420242973525e-02
6.848837291919764036e-02
7.463834336613731080e-02
8.105277764122259532e-02
8.773197161117507470e-02
9.467628499818105114e-02
1.018861526968609932e-01
1.093620974451488259e-01
1.171047439767157056e-01
1.251148347877333311e-01
1.333932476565532488e-01
1.419410150648278135e-01
1.507593456753253125e-01
1.598496480352047666e-01
1.692135566854308382e-01
1.788529608716169783e-01
1.887700360703174762e-01
1.989672785643979980e-01
2.094475433232932393e-01
2.202140854756933497e-01
2.312706056884701322e-01
2.426212998072562743e-01
2.542709131546510015e-01
2.662247999343991256e-01
2.784889882466294875e-01
2.910702512893794669e-01
3.039761854007004271e-01
3.172152956891399755e-01
3.307970901097371796e-01
3.447321829728416387e-01
3.590324090182766548e-01
3.737109493694378282e-01
3.887824708884645708e-01
4.042632806939546186e-01
4.201714979015342966e-01
4.365272449841282043e-01
4.533528615561436825e-01
4.706731438860036199e-01
4.885156140031776117e-01
5.069108229815828537e-01
5.258926938158405839e-01
5.454989103268064188e-01
5.657713597528178928e-01
5.867566382225042343e-01
6.085066300918378079e-01
6.310791744494346212e-01
6.545388348472965800e-01
6.789577918137602586e-01
7.044168820388093666e-01
7.310068135642957543e-01
7.588295932278119604e-01
7.880002113323395507e-01
8.186486397400334347e-01
8.509222140752898955e-01
8.849884894298607474e-01
9.210386836103833241e-01
9.592918543251761632e-01
1.000000000000000000e+00
