2.135866563961542203e-02
2.493486246990368402e-02
2.878546688916280155e-02
3.291053359398134898e-02
3.731011664598881533e-02
4.198427475676533294e-02
4.693307622724798150e-02
5.215660392973604093e-02
5.765496060814039037e-02
6.342827470501641307e-02
6.947670688437532216e-02
7.580045739646346092e-02
8.239977441807463943e-02
8.927496349638343320e-02
9.642639822217853596e-02
1.038545322600507997e-01
1.115599128664203354e-01
1.195431960311553743e-01
1.278051633855669389e-01
1.363467410269300351e-01
1.451690204200178635e-01
1.542732815457591722e-01
1.636610184817156866e-01
1.733339676115999706e-01
1.832941386803974282e-01
1.935438489290401687e-01
2.040857605681927478e-01
2.149229218750740023e-01
2.260588122279721113e-01
2.374973914335440361e-01
2.492431537362813365e-01
2.613011869569557555e-01
2.736772372563464617e-01
2.863777800940285889e-01
2.994100980249437272e-01
3.127823660686263052e-01
3.265037454962409491e-01
3.405844870001558111e-01
3.550360443625233953e-01
3.698711999092382241e-01
3.851042032384106029e-01
4.007509249552867470e-01
4.168290274271705398e-01
4.333581549062804350e-01
4.503601457738928837e-01
4.678592701246527819e-01
4.858824964930319457e-01
5.044597921911193605e-01
5.236244625635608774e-01
5.434135354390202677e-01
5.638681982787790981e-01
5.850342969825391704e-01
6.069629070859566822e-01
6.297109903181403734e-01
6.533421521750916172e-01
6.779275195531178078e-01
7.035467616991342155e-01
7.302892829994862556e-01
7.582556228111357877e-01
7.875591059911447589e-01
8.183277986138690618e-01
8.507068373022524943e-01
8.848612186494552168e-01
9.209791588860211098e-01
9.592761649967225246e-01
1.000000000000000000e+00
