2.083727713742568322e-02
2.424257531761539117e-02
2.790317666757407417e-02
3.181913191228571969e-02
3.599049102089694335e-02
4.041730796488652439e-02
4.509964512975127987e-02
5.003757773225938482e-02
5.523119849041035340e-02
6.068062273068337148e-02
6.638599408101465704e-02
7.234749087614437968e-02
7.856533339066897048e-02
8.503979200912428760e-02
9.177119644008333021e-02
9.875994608245930451e-02
1.060065216541551947e-01
1.135114981974565534e-01
1.212755595805006803e-01
1.292995146209773571e-01
1.375843149649198793e-01
1.461310748632648759e-01
1.549410929978375928e-01
1.640158765212773317e-01
1.733571674883418179e-01
1.829669718709762971e-01
1.928475913696371946e-01
2.030016582517959745e-01
2.134321734750894983e-01
2.241425483785161321e-01
2.351366502602225961e-01
2.464188521957983713e-01
2.579940874973882248e-01
2.698679092643910815e-01
2.820465555365914145e-01
2.945370206284604886e-01
3.073471333107530290e-01
3.204856425911292717e-01
3.339623119675614871e-01
3.477880231495850127e-01
3.619748903990612221e-01
3.765363868244254175e-01
3.914874841654628623e-01
4.068448078648469468e-01
4.226268095095723765e-01
4.388539590761602605e-01
4.555489598343576141e-01
4.727369892498798354e-01
4.904459698247489730e-01
5.087068745289656801e-01
5.275540723144260813e-01
5.470257202696595655e-01
5.671642101901017696e-01
5.880166789142723394e-01
6.096355936150386068e-01
6.320794255677810725e-01
6.554134287734147968e-01
6.797105433482966141e-01
7.050524480453190801e-01
7.315307918436344536e-01
7.592486415954420309e-01
7.883221917060904138e-01
8.188827932929723108e-01
8.510793751635878923e-01
8.850813481783411651e-01
9.210821099061290429e-01
9.593032998390265131e-01
1.000000000000000000e+00
