1.989961895333642108e-02
2.331909193336301894e-02
2.700677324436117493e-02
3.096273712362095434e-02
3.518705219273669110e-02
3.967978686684871942e-02
4.444101451708912937e-02
4.947081860906214767e-02
5.476929802871172842e-02
6.033657278515990735e-02
6.617279025902993161e-02
7.227813214736553138e-02
7.865282224454231419e-02
8.529713519037011860e-02
9.221140631301873170e-02
9.939604269295955474e-02
1.068515355752980289e-01
1.145784742616763607e-01
1.225775616163078674e-01
1.308496313288129709e-01
1.393956670822713573e-01
1.482168237863588922e-01
1.573144510440986077e-01
1.666901190352302331e-01
1.763456470134786569e-01
1.862831346315655667e-01
1.965049963293165336e-01
2.070139990412555864e-01
2.178133035106384896e-01
2.289065095230726210e-01
2.402977054160085613e-01
2.519915222563351986e-01
2.639931931341010785e-01
2.763086180736628594e-01
2.889444351341483586e-01
3.019080983485067926e-01
3.152079632449262814e-01
3.288533807982769175e-01
3.428548007944317577e-01
3.572238857256174183e-01
3.719736365251234966e-01
3.871185316455227898e-01
4.026746812264301867e-01
4.186599983937213110e-01
4.350943900650552365e-01
4.519999700428181111e-01
4.694012976571210749e-01
4.873256457998780267e-01
5.058033028819700627e-01
5.248679140732495085e-01
5.445568681996977300e-01
5.649117378804435763e-01
5.859787819873287784e-01
6.078095213104580674e-01
6.304614005692728007e-01
6.539985526586482578e-01
6.784926844412921820e-01
7.040241076948795529e-01
7.306829441914906020e-01
7.585705406608478363e-01
7.878011380368484806e-01
8.185038504075974330e-01
8.508250233134534435e-01
8.849310594907433547e-01
9.210118243013408756e-01
9.592847749638034882e-01
1.000000000000000000e+00
