2.031401455822956156e-02
2.350084696550366892e-02
2.691673701147510173e-02
3.056174177531227956e-02
3.443591957507319973e-02
3.853933266206480135e-02
4.287205014074676329e-02
4.743415120728011747e-02
5.222572878892838000e-02
5.724689365825164078e-02
6.249777909140897397e-02
6.797854613859315165e-02
7.368938957522302990e-02
7.963054460513561972e-02
8.580229438951388066e-02
9.220497847970333949e-02
9.883900223551109199e-02
1.057048473150456885e-01
1.128030833273403477e-01
1.201343807435794747e-01
1.276995251690442035e-01
1.354994330842085315e-01
1.435351691709555733e-01
1.518079653476832325e-01
1.603192416479674032e-01
1.690706290866729189e-01
1.780639946716954802e-01
1.873014687334474682e-01
1.967854747606899712e-01
2.065187619517915574e-01
2.165044407117517611e-01
2.267460213528286472e-01
2.372474562861789649e-01
2.480131860260454124e-01
2.590481893699669302e-01
2.703580381658018394e-01
2.819489571288500973e-01
2.938278892376799956e-01
3.060025673130070678e-01
3.184815924627835138e-01
3.312745201873094070e-01
3.443919550468020341e-01
3.578456549339492643e-01
3.716486461565141064e-01
3.858153507164681084e-01
4.003617274062382658e-01
4.153054285889115627e-01
4.306659748523080644e-01
4.464649500815120464e-01
4.627262199442589430e-01
4.794761772893312846e-01
4.967440185995549706e-01
5.145620563639095035e-01
5.329660731762276837e-01
5.519957244151645348e-01
5.716949977423096962e-01
5.921127392287006685e-01
6.133032579690625985e-01
6.353270234545184136e-01
6.582514730604267505e-01
6.821519507743950550e-01
7.071128030779326723e-01
7.332286638465354001e-01
7.606059677918969308e-01
7.893647415834323944e-01
8.196407343487979169e-01
8.515879652537406974e-01
8.853817870112959953e-01
9.212225917038884271e-01
9.593403220106331286e-01
1.000000000000000000e+00
