2.235757814324278170e-02
2.630968179552243755e-02
3.058124690448899008e-02
3.517231739400345641e-02
4.008294166164749067e-02
4.531317773924267711e-02
5.086309851174519031e-02
5.673279736062153411e-02
6.292239449431327736e-02
6.943204417415642371e-02
7.626194301597011282e-02
8.341233953348105301e-02
9.088354508672909227e-02
9.867594639650403843e-02
1.067900197913471683e-01
1.152263473592232829e-01
1.239856351839664500e-01
1.330687338563948940e-01
1.424766614615700089e-01
1.522106292564333052e-01
1.622720702683562999e-01
1.726626710610708326e-01
1.833844069365259954e-01
1.944395808629717781e-01
2.058308664492071172e-01
2.175613553127025979e-01
2.296346092312957221e-01
2.420547175078200386e-01
2.548263600272868690e-01
2.679548765499535912e-01
2.814463428467900430e-01
2.953076543701474987e-01
3.095466182460662186e-01
3.241720544886361743e-01
3.391939074638763985e-01
3.546233687983266214e-01
3.704730130953872713e-01
3.867569480526872883e-01
4.034909808271746057e-01
4.206928027918662161e-01
4.383821952022567414e-01
4.565812587123418420e-01
4.753146701916418637e-01
4.946099709266518207e-01
5.144978910040252096e-01
5.350127155878425800e-01
5.561926998670486677e-01
5.780805407610656310e-01
6.007239150613354894e-01
6.241760956521273940e-01
6.484966598486618938e-01
6.737523068482876853e-01
7.000178050079918224e-01
7.273770942462207678e-01
7.559245746682745626e-01
7.857666198388846279e-01
8.170233624208772527e-01
8.498308118577950765e-01
8.843433790828524321e-01
9.207369033167899230e-01
9.592123020533319666e-01
1.000000000000000000e+00
