2.021262985642892709e-02
2.365125199841666692e-02
2.735707279943754011e-02
3.133016671881992676e-02
3.557060366086798459e-02
4.007845395328960003e-02
4.485379327679162725e-02
4.989670769631524699e-02
5.520729895541967580e-02
6.078569019208613505e-02
6.663203222488217614e-02
7.274651054968248043e-02
7.912935317929917223e-02
8.578083945402376065e-02
9.270130994804333391e-02
9.989117759707451250e-02
1.073509401737560987e-01
1.150811942413103722e-01
1.230826507200843550e-01
1.313561522089422839e-01
1.399026922100814752e-01
1.487234364163043110e-01
1.578197462298582265e-01
1.671932046952175621e-01
1.768456450425001936e-01
1.867791820561937599e-01
1.969962465035959842e-01
2.074996228799934339e-01
2.182924907560643280e-01
2.293784700439166491e-01
2.407616705340614449e-01
2.524467460994414547e-01
2.644389540133555982e-01
2.767442198828189426e-01
2.893692087702083859e-01
3.023214031558085768e-01
3.156091884813657655e-01
3.292419471278039689e-01
3.432301618097143292e-01
3.575855295079264362e-01
3.723210872485201439e-01
3.874513512368445434e-01
4.029924710974722157e-01
4.189624012614930892e-01
4.353810918844034372e-01
4.522707020765856512e-01
4.696558387220624575e-01
4.875638247276798953e-01
5.060250012458983315e-01
5.250730692424715462e-01
5.447454767970948408e-01
5.650838597326345303e-01
5.861345446726697883e-01
6.079491254508756493e-01
6.305851260195999286e-01
6.541067657905687005e-01
6.785858467764400714e-01
7.041027861889445072e-01
7.307478235406275058e-01
7.586224381072317335e-01
7.878410212643979227e-01
8.185328592690808147e-01
8.508444963399575123e-01
8.849425663938923492e-01
9.210172060552642703e-01
9.592861934620011688e-01
1.000000000000000000e+00
