2.062183403979990504e-02
2.364868877371327158e-02
2.688011363986581026e-02
3.031617280493400721e-02
3.395692647648025642e-02
3.780243488013996372e-02
4.185276199769664279e-02
4.610797922864670606e-02
5.056816911764570877e-02
5.523342927001750197e-02
6.010387656052388478e-02
6.517965172802075990e-02
7.046092443894541590e-02
7.594789889688371987e-02
8.164082007123781015e-02
8.753998061645563988e-02
9.364572855257297102e-02
9.995847577897569447e-02
1.064787074942042250e-01
1.132069925981533803e-01
1.201439951557093516e-01
1.272904870052510018e-01
1.346473616003690532e-01
1.422156491785183108e-01
1.499965333582536919e-01
1.579913692724033147e-01
1.662017033558296775e-01
1.746292949153749330e-01
1.832761396205442872e-01
1.921444950708940391e-01
2.012369086061758794e-01
2.105562475491643271e-01
2.201057320888273328e-01
2.298889710351272042e-01
2.399100007075384844e-01
2.501733272487337567e-01
2.606839726931605150e-01
2.714475251648701404e-01
2.824701936233328103e-01
2.937588676411628796e-01
3.053211827583582338e-01
3.171655920373079862e-01
3.293014445320822103e-01
3.417390714936465179e-01
3.544898812497158658e-01
3.675664638424209207e-01
3.809827066818782249e-01
3.947539226531727730e-01
4.088969923675888629e-01
4.234305225005816631e-01
4.383750224975410670e-01
4.537531023046560974e-01
4.695896942343917857e-01
4.859123026309333238e-01
5.027512856441939126e-01
5.201401742142325313e-01
5.381160343060825690e-01
5.567198796031768149e-01
5.759971432544948033e-01
5.959982189953096920e-01
6.167790840660513085e-01
6.384020189545376311e-01
6.609364422380636928e-01
6.844598828040954208e-01
7.090591168404913880e-01
7.348315033331220825e-01
7.618865599825752621e-01
7.903478318135817027e-01
8.203551181840688100e-01
8.520671412159516178e-01
8.856647614858682571e-01
9.213548766919542610e-01
9.593751789680133868e-01
1.000000000000000000e+00
