2.043597451004594556e-02
2.375424244038817564e-02
2.731916194175170592e-02
3.113080321596517139e-02
3.518923435776757230e-02
3.949452505079842357e-02
4.404675048374966095e-02
4.884599555048397407e-02
5.389235941193378648e-02
5.918596050698908539e-02
6.472694210515064772e-02
7.051547849717594574e-02
7.655178192136417870e-02
8.283611032460394541e-02
8.936877605864050611e-02
9.615015561372866615e-02
1.031807004947060125e-01
1.104609493476102211e-01
1.179915414495582848e-01
1.257732316795659444e-01
1.338069070945131223e-01
1.420936052421207518e-01
1.506345343509396251e-01
1.594310955480782999e-01
1.684849072671963377e-01
1.777978320226307751e-01
1.873720057414156870e-01
1.972098698645272652e-01
2.073142064478565305e-01
2.176881765199241148e-01
2.283353619827482028e-01
2.392598113727595899e-01
2.504660898403933689e-01
2.619593337509842912e-01
2.737453103620597905e-01
2.858304830925654794e-01
2.982220829718744692e-01
3.109281869397665932e-01
3.239578037636783869e-01
3.373209684512528672e-01
3.510288461766218893e-01
3.650938468835158157e-01
3.795297519162580402e-01
3.943518542475760169e-01
4.095771141152382278e-01
4.252243321947508647e-01
4.413143427675510488e-01
4.578702297941083521e-01
4.749175692795606363e-01
4.924847019390192204e-01
5.106030408783218677e-01
5.293074199023135584e-01
5.486364890775361491e-01
5.686331655031015009e-01
5.893451487663472488e-01
6.108255125083911219e-01
6.331333858535617143e-01
6.563347413907951733e-01
6.805033100390045497e-01
7.057216476241983116e-01
7.320823837630442421e-01
7.596896908341163046e-01
7.886610200477631727e-01
8.191291634137416455e-01
8.512447156981250984e-01
8.851790302474379368e-01
9.211277886266100445e-01
9.593153384876175194e-01
1.000000000000000000e+00
