2.024841561821872846e-02
2.305096628618944626e-02
2.603197397187689485e-02
2.919148403144166889e-02
3.252954339152682589e-02
3.604620247480631867e-02
3.974151722939647108e-02
4.361555132198016715e-02
4.766837855091896753e-02
5.190008552949843673e-02
5.631077468723072466e-02
6.090056763271507051e-02
6.566960892095073665e-02
7.061807026689580213e-02
7.574615524741214190e-02
8.105410453455554054e-02
8.654220170529870748e-02
9.221077967265614572e-02
9.806022778819450947e-02
1.040909996658274661e-01
1.103036217814126474e-01
1.166987029049149777e-01
1.232769444257341002e-01
1.300391516365290989e-01
1.369862460442420882e-01
1.441192787829769784e-01
1.514394452094222909e-01
1.589481007677315816e-01
1.666467782178389367e-01
1.745372063320010103e-01
1.826213301706074432e-01
1.909013330642357897e-01
1.993796604376603665e-01
2.080590456284669154e-01
2.169425378703993823e-01
2.260335326303238301e-01
2.353358045087302342e-01
2.448535429433307542e-01
2.545913909804501940e-01
2.645544874172545691e-01
2.747485126517976717e-01
2.851797386305922055e-01
2.958550833281929915e-01
3.067821702571390530e-01
3.179693935783063363e-01
3.294259894573055014e-01
3.411621144131934957e-01
3.531889315079202452e-01
3.655187053589032398e-01
3.781649071035256271e-01
3.911423306133121058e-01
4.044672214719630121e-01
4.181574204631425262e-01
4.322325235972590551e-01
4.467140610529044542e-01
4.616256978011318846e-01
4.769934591545443303e-01
4.928459850697923805e-01
5.092148176886585054e-01
5.261347274663737972e-01
5.436440841871487129e-01
5.617852804257355004e-01
5.806052164543263894e-01
6.001558574305887461e-01
6.204948759211452725e-01
6.416863955778336903e-01
6.638018552261418792e-01
6.869210169046862102e-01
7.111331468104141740e-01
7.365384049528082011e-01
7.632494879796284382e-01
7.913935808953720397e-01
8.211146877035139235e-01
8.525764298905379457e-01
8.859654261711492618e-01
9.214953995855877933e-01
9.594122014059813797e-01
1.000000000000000000e+00
