2.317998248163841840e-02
2.709824426131555650e-02
3.132000660748645443e-02
3.584534150689692306e-02
4.067432060359869872e-02
4.580702113505991796e-02
5.124353187666491616e-02
5.698395935148666686e-02
6.302843453873095692e-02
6.937712028988185509e-02
7.603021964169133506e-02
8.298798520090465425e-02
9.025072976784784262e-02
9.781883836124036224e-02
1.056927818072095626e-01
1.138731320573045380e-01
1.223605794060404622e-01
1.311559517849124334e-01
1.402602363196392976e-01
1.496746033472602377e-01
1.594004331043243350e-01
1.694393453111203984e-01
1.797932318956108055e-01
1.904642931224184987e-01
2.014550774140112244e-01
2.127685251828113078e-01
2.244080170227682469e-01
2.363774266514579725e-01
2.486811790337639660e-01
2.613243141763224031e-01
2.743125571397360685e-01
2.876523948904213812e-01
3.013511606984366487e-01
3.154171268841663434e-01
3.298596068398436110e-01
3.446890673846195741e-01
3.599172526715063158e-01
3.755573210672493722e-01
3.916239966323588062e-01
4.081337371152291005e-01
4.251049206727618435e-01
4.425580539191361074e-01
4.605160043372665823e-01
4.790042606347367782e-01
4.980512252571192566e-01
5.176885440324721088e-01
5.379514788731034614e-01
5.588793305427063318e-01
5.805159199010454518e-01
6.029101376705199300e-01
6.261165748204181591e-01
6.501962481870743327e-01
6.752174390272277504e-01
7.012566661121957257e-01
7.283998197692430621e-01
7.567434894155664615e-01
7.863965247813069492e-01
8.174818809300208322e-01
8.501388097169025881e-01
8.845254766678438685e-01
9.208221034872611233e-01
9.592347642208451930e-01
1.000000000000000000e+00
