2.044696484133459030e-02
2.404151463021967847e-02
2.792470443668907537e-02
3.209658103200359325e-02
3.655719150954570007e-02
4.130658838412260003e-02
4.634483438437701774e-02
5.167200735611791190e-02
5.728820556194657437e-02
6.319355358947881252e-02
6.938820904020910618e-02
7.587237014920322764e-02
8.264628447512695208e-02
8.971025879536671799e-02
9.706467034166348096e-02
1.047099795130912309e-01
1.126467442094112731e-01
1.208756359325789398e-01
1.293974578131406317e-01
1.382131647269387864e-01
1.473238856778775752e-01
1.567309486358244852e-01
1.664359080319523787e-01
1.764405751305941350e-01
1.867470515167072020e-01
1.973577659577454846e-01
2.082755149273190498e-01
2.195035071046231023e-01
2.310454122022967127e-01
2.429054145100285611e-01
2.550882715945079759e-01
2.675993786476351111e-01
2.804448390394851942e-01
2.936315417097003500e-01
3.071672461167074819e-01
3.210606755707434701e-01
3.353216198920065394e-01
3.499610484865871007e-01
3.649912350918383397e-01
3.804258956414600101e-01
3.962803409433065527e-01
4.125716461191512585e-01
4.293188391018540329e-01
4.465431108599008381e-01
4.642680504869601821e-01
4.825199088415662585e-01
5.013278950886199681e-01
5.207245112853300384e-01
5.407459311152125192e-01
5.614324300389312850e-01
5.828288755424601009e-01
6.049852878907598930e-01
6.279574839294902455e-01
6.518078190659348792e-01
6.766060458509794984e-01
7.024303115625153415e-01
7.293683223203137889e-01
7.575187076015998944e-01
7.869926271335980772e-01
8.179156724911285092e-01
8.504301289699215394e-01
8.846976805587526416e-01
9.209026631953560749e-01
9.592560010970605511e-01
1.000000000000000000e+00
