1.981762891075583566e-02
2.368924018284374045e-02
2.790355046055983251e-02
3.246062625266701862e-02
3.736052904296881250e-02
4.260332280256797638e-02
4.818908071351954425e-02
5.411789177810436002e-02
6.038986778399637462e-02
6.700515097224751804e-02
7.396392268312580731e-02
8.126641321358447911e-02
8.891291309855398062e-02
9.690378601775316569e-02
1.052394835277858376e-01
1.139205618208292692e-01
1.229477007184246740e-01
1.323217251163688046e-01
1.420436291095909520e-01
1.521146030374510849e-01
1.625360637085676851e-01
1.733096880803457474e-01
1.844374506922470958e-01
1.959216651757310079e-01
2.077650301949799383e-01
2.199706802048385923e-01
2.325422414548010963e-01
2.454838937140732535e-01
2.588004382474314857e-01
2.724973726393048468e-01
2.865809731344171052e-01
3.010583852613403777e-01
3.159377236008999446e-01
3.312281816979030791e-01
3.469401532475135386e-01
3.630853658741483581e-01
3.796770290199648623e-01
3.967299976966907060e-01
4.142609541576801613e-01
4.322886098701532176e-01
4.508339305929999208e-01
4.699203878304800686e-01
4.895742405358733396e-01
5.098248516184822332e-01
5.307050446476405670e-01
5.522515071767872818e-01
5.745052483164279078e-01
5.975121197002539741e-01
6.213234107941937312e-01
6.459965317737595969e-01
6.715957999287033298e-01
6.981933490024843092e-01
7.258701851575650732e-01
7.547174186015535025e-01
7.848377066725259477e-01
8.163469527515809787e-01
8.493763163251411008e-01
8.840746035478186382e-01
9.206111259308168426e-01
9.591791384857567548e-01
1.000000000000000000e+00
