2.265936667284176170e-02
2.631052587838930354e-02
3.023198362686358234e-02
3.442380623179210064e-02
3.888605899016719936e-02
4.361881156865940468e-02
4.862214321217960683e-02
5.389614805263914094e-02
5.944094074633519270e-02
6.525666263003160328e-02
7.134348855939262601e-02
7.770163457568694809e-02
8.433136653583660214e-02
9.123300983576144996e-02
9.840696035424383037e-02
1.058536967461067152e-01
1.135737942160228026e-01
1.215679399087350315e-01
1.298369500584071468e-01
1.383817890466462475e-01
1.472035905289650615e-01
1.563036807993500032e-01
1.656836045762658249e-01
1.753451534074891016e-01
1.852903969084049307e-01
1.955217170689608486e-01
2.060418458867913083e-01
2.168539066110793112e-01
2.279614589143783843e-01
2.393685483427833716e-01
2.510797604412816630e-01
2.631002799983548912e-01
2.754359559103595756e-01
2.880933722377280182e-01
3.010799260991787185e-01
3.144039131435759638e-01
3.280746214513984849e-01
3.421024348333857046e-01
3.564989466551666264e-01
3.712770854787568187e-01
3.864512540270959029e-01
4.020374832099467555e-01
4.180536032444258643e-01
4.345194342345992666e-01
4.514569989846659026e-01
4.688907612944633874e-01
4.868478935576944777e-01
5.053585781867486748e-01
5.244563481962072338e-01
5.441784732891346010e-01
5.645663990091251971e-01
5.856662479869402249e-01
6.075293941312549517e-01
6.302131228354344028e-01
6.537813930146632035e-01
6.783057201971777195e-01
7.038662041717786977e-01
7.305527299862639712e-01
7.584663779142674089e-01
7.877210865049047994e-01
8.184456238351000001e-01
8.507859362239065248e-01
8.849079619427298038e-01
9.210010214972501608e-01
9.592819275862836115e-01
1.000000000000000000e+00
