2.244652045279451127e-02
2.587252416690008494e-02
2.953966788087605128e-02
3.344799749299326441e-02
3.759756103618112216e-02
4.198841273967416493e-02
4.662061697962565504e-02
5.149425237132643912e-02
5.660941618610000614e-02
6.196622923490430895e-02
6.756484133681449344e-02
7.340543747722794166e-02
7.948824475298789383e-02
8.581354019872587668e-02
9.238165958834483604e-02
9.919300730643032527e-02
1.062480673880236426e-01
1.135474158281540719e-01
1.210917342679106029e-01
1.288818251703680029e-01
1.369186286051192469e-01
1.452032407695520444e-01
1.537369343837914071e-01
1.625211811064254108e-01
1.715576761311012610e-01
1.808483651379724499e-01
1.903954737903265082e-01
2.002015399844619681e-01
2.102694490859046139e-01
2.206024724062381759e-01
2.312043092065484418e-01
2.420791325478707512e-01
2.532316393471268912e-01
2.646671050419560078e-01
2.763914433246741353e-01
2.884112714642333986e-01
3.007339818073636595e-01
3.133678201354799242e-01
3.263219716517474223e-01
3.396066554855872166e-01
3.532332287387355829e-01
3.672143012495252545e-01
3.815638624412033275e-01
3.962974218346403954e-01
4.114321650618317783e-01
4.269871275181419401e-01
4.429833881569242848e-01
4.594442863401915766e-01
4.763956651945923659e-01
4.938661455025494251e-01
5.118874349106004029e-01
5.304946781124452171e-01
5.497268547258186144e-01
5.696272328958298381e-01
5.902438882170949475e-01
6.116302995351583505e-01
6.338460355543507063e-01
6.569575491535147860e-01
6.810391000056126298e-01
7.061738306637775908e-01
7.324550271419223435e-01
7.599876023176547202e-01
7.888898498707745954e-01
8.192955284689704687e-01
8.513563514978751412e-01
8.852449777660815755e-01
9.211586252620280746e-01
9.593234651256303813e-01
1.000000000000000000e+00
