2.146089820743674048e-02
2.470684013464520545e-02
2.817886252357830815e-02
3.187702628736999166e-02
3.580138987952369289e-02
3.995201376911210883e-02
4.432896462281493699e-02
4.893231943503153353e-02
5.376216979620848657e-02
5.881862645201512557e-02
6.410182428006128141e-02
6.961192779344094195e-02
7.534913726916556143e-02
8.131369559319479023e-02
8.750589590998088252e-02
9.392609016352375384e-02
1.005746986176574154e-01
1.074522204446443918e-01
1.145592454754408712e-01
1.218964672072837263e-01
1.294646971715983363e-01
1.372648807690129702e-01
1.452981146873010831e-01
1.535656660245819927e-01
1.620689932518455389e-01
1.708097691572884047e-01
1.797899059299835345e-01
1.890115825544420869e-01
1.984772747037102936e-01
2.081897873398181331e-01
2.181522902521626228e-01
2.283683567916356127e-01
2.388420060870511674e-01
2.495777490677661969e-01
2.605806386574306410e-01
2.718563245472519485e-01
2.834111130178585958e-01
2.952520323401013891e-01
3.073869043576953342e-01
3.198244229440856956e-01
3.325742401259180192e-01
3.456470607827704655e-01
3.590547469704487571e-01
3.728104330764200891e-01
3.869286532082426566e-01
4.014254824341705885e-01
4.163186937583723823e-01
4.316279330319789942e-01
4.473749143587167354e-01
4.635836390018933106e-01
4.802806413146819553e-01
4.974952658562136754e-01
5.152599805938422595e-01
5.336107320152588818e-01
5.525873490618267159e-01
5.722340041627235196e-01
5.925997412355422655e-01
6.137390825981237086e-01
6.357127291406546865e-01
6.585883712460222084e-01
6.824416317148249700e-01
7.073571667945621755e-01
7.334299574327831639e-01
7.607668305218334703e-01
7.894882597438469540e-01
8.197305081224174339e-01
8.516481907318288469e-01
8.854173571868579895e-01
9.212392215442747334e-01
9.593447041901522754e-01
1.000000000000000000e+00
