2.168330005669969265e-02
2.543308444202326338e-02
2.947895602270232673e-02
3.382097565110645659e-02
3.845920764612668907e-02
4.339372362400732014e-02
4.862460674954218603e-02
5.415195656394459350e-02
5.997589452586980785e-02
6.609657038986579969e-02
7.251416954119078995e-02
7.922892140639781200e-02
8.624110906217617722e-02
9.355108017086175010e-02
1.011592593771731829e-01
1.090661623085022042e-01
1.172724113294979775e-01
1.257787532093993799e-01
1.345860788723820811e-01
1.436954454097502665e-01
1.531081005474278500e-01
1.628255097742673796e-01
1.728493863545745302e-01
1.831817244655129517e-01
1.938248357215418272e-01
2.047813893751126157e-01
2.160544565077958945e-01
2.276475585644995303e-01
2.395647206192409728e-01
2.518105298090644317e-01
2.643901994253445298e-01
2.773096392155747214e-01
2.905755325241871079e-01
3.041954209805156073e-01
3.181777975555063476e-01
3.325322089134781223e-01
3.472693681395928600e-01
3.624012790753418090e-01
3.779413736954487790e-01
3.939046641919741187e-01
4.103079116896540257e-01
4.271698138519656185e-01
4.445112140061375783e-01
4.623553348802914020e-01
4.807280405820320013e-01
4.996581310916747842e-01
5.191776743460976284e-01
5.393223819019699050e-01
5.601320353383804074e-01
5.816509719232078046e-01
6.039286397773080406e-01
6.270202348538642667e-01
6.509874345884830715e-01
6.758992462837342119e-01
7.018329922317655400e-01
7.288754585099596062e-01
7.571242406557507909e-01
7.866893273029462730e-01
8.176949729300454495e-01
8.502819238528515067e-01
8.846100782628781856e-01
9.208616829906007828e-01
9.592451983025261919e-01
1.000000000000000000e+00
