2.206815584845302561e-02
2.534621426106592121e-02
2.884867644942481699e-02
3.257560906743279389e-02
3.652707684873564287e-02
4.070314668305036881e-02
4.510389165381294835e-02
4.972939516336059851e-02
5.457975526905544522e-02
5.965508934534340113e-02
6.495553917805534094e-02
7.048127658961157727e-02
7.623250968777885161e-02
8.220948982717121711e-02
8.841251937056802956e-02
9.484196033650627022e-02
1.014982440211586595e-01
1.083818816835670912e-01
1.154934763874288645e-01
1.228337360958739466e-01
1.304034881212088048e-01
1.382036950372907691e-01
1.462354721693416293e-01
1.545001067847158738e-01
1.629990791163540287e-01
1.717340853638975873e-01
1.807070628278026614e-01
1.899202173486718992e-01
1.993760532395969232e-01
2.090774059203952817e-01
2.190274774838054939e-01
2.292298754521193416e-01
2.396886550117482417e-01
2.504083650492048840e-01
2.613940983537010321e-01
2.726515463971315723e-01
2.841870591610549668e-01
2.960077105400906738e-01
3.081213699298763209e-01
3.205367806897805871e-01
3.332636462780160236e-01
3.463127249692401488e-01
3.596959342042092556e-01
3.734264657886983141e-01
3.875189133359459581e-01
4.019894135858010364e-01
4.168558034853527827e-01
4.321377952368001818e-01
4.478571718795664180e-01
4.640380064189478238e-01
4.807069080439654862e-01
4.978932995927548566e-01
5.156297311936758332e-01
5.339522359156337883e-01
5.529007343722504020e-01
5.725194965581148487e-01
5.928576708549236907e-01
6.139698921503852214e-01
6.359169835039157892e-01
6.587667688755318718e-01
6.825950182795613719e-01
7.074865515454367149e-01
7.335365329220125963e-01
7.608519964816530257e-01
7.895536520931651925e-01
8.197780343753675592e-01
8.516800734169829301e-01
8.854361873457908816e-01
9.212480249846127789e-01
9.593470240071104715e-01
1.000000000000000000e+00
