2.128860827965638192e-02
2.501228655408331905e-02
2.903350574460820954e-02
3.335233290370673981e-02
3.796883211505854006e-02
4.288307073230993027e-02
4.809512521065349711e-02
5.360508694003204150e-02
5.941306839974204446e-02
6.551920988370958654e-02
7.192368700376959578e-02
7.862671915089093633e-02
8.562857907910456645e-02
9.292960376885653351e-02
1.005302067233205809e-01
1.084308918531741439e-01
1.166322691079768187e-01
1.251350720189966514e-01
1.339401773261136297e-01
1.430486268702995667e-01
1.524616519461874653e-01
1.621807003211430120e-01
1.722074661440057275e-01
1.825439229854796397e-01
1.931923602710484689e-01
2.041554233961895559e-01
2.154361578386589093e-01
2.270380576172314757e-01
2.389651184898150260e-01
2.512218963203809996e-01
2.638135711107840731e-01
2.767460172427183007e-01
2.900258805597271672e-01
3.036606629994061946e-01
3.176588155876196029e-01
3.320298407289144493e-01
3.467844048596585571e-01
3.619344627033498352e-01
3.774933945546454228e-01
3.934761582475778119e-01
4.098994577347845336e-01
4.267819305278532926e-01
4.441443566214179350e-01
4.620098919780532554e-01
4.804043302036714036e-01
4.993563966697091572e-01
5.188980801388655140e-01
5.390650078699075198e-01
5.598968713404323116e-01
5.814379110821521479e-01
6.037374708311703531e-01
6.268506332672353354e-01
6.508389521617525819e-01
6.757712989105186807e-01
7.017248453957738441e-01
7.287862100197152193e-01
7.570527999613063663e-01
7.866343906030096589e-01
8.176549930736054517e-01
8.502550737424785510e-01
8.845942061417805258e-01
9.208542575325433521e-01
9.592432407747905065e-01
1.000000000000000000e+00
