2.087173124271245878e-02
2.456967370944776116e-02
2.856656378464996274e-02
3.286247023968034281e-02
3.745745796142286449e-02
4.235159430852282469e-02
4.754495501359386894e-02
5.303763005078682147e-02
5.882972979366213329e-02
6.492139172070521269e-02
7.131278788236203314e-02
7.800413331037456266e-02
8.499569554346000921e-02
9.228780542224547523e-02
9.988086931292279591e-02
1.077753829150638470e-01
1.159719468134935150e-01
1.244712839397806026e-01
1.332742591173836366e-01
1.423819008721212143e-01
1.517954257040797783e-01
1.615162650268613387e-01
1.715460949991540474e-01
1.818868694900230842e-01
1.925408564398835010e-01
2.035106779067542282e-01
2.147993541123258410e-01
2.264103518392625025e-01
2.383476375683958870e-01
2.506157357908284644e-01
2.632197929832346683e-01
2.761656477972649348e-01
2.894599080887469422e-01
3.031100354952241949e-01
3.171244383730185135e-01
3.315125740246354646e-01
3.462850612831109287e-01
3.614538046865424237e-01
3.770321316652640586e-01
3.930349443964712419e-01
4.094788882450319800e-01
4.263825390352207201e-01
4.437666117636944185e-01
4.616541938354419283e-01
4.800710064205419569e-01
4.990456981979950468e-01
5.186101765085894266e-01
5.387999818907427407e-01
5.596547130979596663e-01
5.812185110832097656e-01
6.035406121045829853e-01
6.266759821922973650e-01
6.506860477401180676e-01
6.756395401429602376e-01
7.016134763386291384e-01
7.286943019760929730e-01
7.569792301794913136e-01
7.865778166339125743e-01
8.176138217702735300e-01
8.502274235793263468e-01
8.845778611940324776e-01
9.208466109474201522e-01
9.592412249830257753e-01
1.000000000000000000e+00
