2.079834289485598883e-02
2.441498996972574220e-02
2.831905114154382314e-02
3.251058377474123906e-02
3.698964338426078552e-02
4.175628938919827976e-02
4.681059040834299051e-02
5.215262954767108106e-02
5.778250999655587528e-02
6.370036117006355747e-02
6.990634558740006776e-02
7.640066665010762648e-02
8.318357746807393538e-02
9.025539087512374214e-02
9.761649077302135546e-02
1.052673449448663229e-01
1.132085194815354579e-01
1.214406949716569789e-01
1.299646846114922982e-01
1.387814544013791507e-01
1.478921456046563276e-01
1.572980996579858570e-01
1.670008857356672927e-01
1.770023311869827198e-01
1.873045550851299978e-01
1.979100051478162314e-01
2.088214983148517778e-01
2.200422652995720485e-01
2.315759994632317076e-01
2.434269104042094678e-01
2.555997826996663225e-01
2.681000402943463645e-01
2.809338170915895438e-01
2.941080343839003186e-01
3.076304858413682619e-01
3.215099308871180450e-01
3.357561974025570217e-01
3.503802948551827945e-01
3.653945391068441073e-01
3.808126903546039110e-01
3.966501058984007733e-01
4.129239096923476016e-01
4.296531809798542767e-01
4.468591646893863567e-01
4.645655067301585062e-01
4.827985178909839914e-01
5.015874706999631227e-01
5.209649343960557344e-01
5.409671541436220643e-01
5.616344817609266737e-01
5.830118666800718774e-01
6.051494175704310585e-01
6.281030472001315479e-01
6.519352157101755418e-01
6.767157907770726677e-01
7.025230471386646469e-01
7.294448330866901697e-01
7.575799379060013106e-01
7.870397023985145069e-01
8.179499249491712920e-01
8.504531289953750628e-01
8.847112749861441028e-01
9.209090224441617289e-01
9.592576774305339171e-01
1.000000000000000000e+00
