2.304537926610089257e-02
2.704147403091915203e-02
3.135439893150449020e-02
3.598422722104851340e-02
4.093103376061250909e-02
4.619490010731414076e-02
5.177592007035591859e-02
5.767420585970516739e-02
6.388989496599860318e-02
7.042315792020836795e-02
7.727420708855127496e-02
8.444330666206105451e-02
9.193078400465171107e-02
9.973704252661955150e-02
1.078625762557343104e-01
1.163079862834806022e-01
1.250739992719173965e-01
1.341614882144055998e-01
1.435714956552903987e-01
1.533052595852377464e-01
1.633642422435450936e-01
1.737501620769911492e-01
1.844650291227084571e-01
1.955111841084264945e-01
2.068913415880116735e-01
2.186086374642902119e-01
2.306666812860760640e-01
2.430696137518475464e-01
2.558221699017973472e-01
2.689297485386932807e-01
2.823984884932435047e-01
2.962353524208150013e-01
3.104482189271329240e-01
3.250459839192852418e-01
3.400386722227698999e-01
3.554375606526276044e-01
3.712553139241376310e-01
3.875061349901087193e-01
4.042059316654248446e-01
4.213725016986378247e-01
4.390257388139853223e-01
4.571878626799036338e-01
4.758836762837316270e-01
4.951408548010609034e-01
5.149902708037201737e-01
5.354663615295188750e-01
5.566075450449667894e-01
5.784566934293531304e-01
6.010616727178995644e-01
6.244759613128391118e-01
6.487593609941412209e-01
6.739788176377106144e-01
7.002093724783161610e-01
7.275352694014924904e-01
7.560512495748522577e-01
7.858640721225501613e-01
8.170943089245891189e-01
8.498784736659570349e-01
8.843715607585780347e-01
9.207500899328919797e-01
9.592157787331058172e-01
1.000000000000000000e+00
