2.223179516031209210e-02
2.571702524455037053e-02
2.945325736489517315e-02
3.344055796713369527e-02
3.767899464995973918e-02
4.216863969381018373e-02
4.690957392592760844e-02
5.190189099580038573e-02
5.714570213766581586e-02
6.264114150105119794e-02
6.838837213496921918e-02
7.438759271573158749e-02
8.063904511245757745e-02
8.714302288752941161e-02
9.389988083329754709e-02
1.009100456493568915e-01
1.081740278697360114e-01
1.156924351534442813e-01
1.234659870578081325e-01
1.314955314199195147e-01
1.397820624802179890e-01
1.483267408892814943e-01
1.571309157503369691e-01
1.661961488612077598e-01
1.755242413326082718e-01
1.851172627762613099e-01
1.949775832733308123e-01
2.051079083558337568e-01
2.155113172579707637e-01
2.261913047208919947e-01
2.371518266719589152e-01
2.483973501310363652e-01
2.599329077491990270e-01
2.717641574291064233e-01
2.838974475424452248e-01
2.963398883290883079e-01
3.090994301410993628e-01
3.221849492973818951e-01
3.356063424206386370e-01
3.493746302625690414e-01
3.635020721790832021e-01
3.780022925926485033e-01
3.928904209968208661e-01
4.081832473097707914e-01
4.238993946741566599e-01
4.400595121600453519e-01
4.566864902406695959e-01
4.738057024161625441e-01
4.914452769494252471e-01
5.096364034019572609e-01
5.284136795192443392e-01
5.478155050568740414e-01
5.678845304130797356e-01
5.886681694757597283e-01
6.102191879909246719e-01
6.325963810896906292e-01
6.558653565072086744e-01
6.800994435876878130e-01
7.053807527141825462e-01
7.318014153735187266e-01
7.594650422601367801e-01
7.884884458942941210e-01
8.190036858715131762e-01
8.511605099188710444e-01
8.851292834881604454e-01
9.211045262430662683e-01
9.593092077647563665e-01
1.000000000000000000e+00
