2.210386157191838660e-02
2.587616489769850592e-02
2.994336789496379950e-02
3.430552338288475611e-02
3.896268543995357048e-02
4.391491486957923435e-02
4.916228444499421563e-02
5.470488433305326081e-02
6.054282798086809553e-02
6.667625868261257971e-02
7.310535700654469116e-02
7.983034924147873468e-02
8.685151701138975333e-02
9.416920820344079623e-02
1.017838493543104517e-01
1.096959596430964051e-01
1.179061666445911927e-01
1.264152240028408591e-01
1.352240311950119178e-01
1.443336555642019403e-01
1.537453568131299519e-01
1.634606141638448307e-01
1.734811564046937205e-01
1.838089950650734217e-01
1.944464609790960974e-01
2.053962445254275682e-01
2.166614398587129453e-01
2.282455934827979094e-01
2.401527575556245131e-01
2.523875483616131454e-01
2.649552104416747489e-01
2.778616869331659300e-01
2.911136967496943950e-01
3.047188193128568812e-01
3.186855876528612019e-01
3.330235908129031142e-01
3.477435866359971373e-01
3.628576261697291083e-01
3.783791911306841338e-01
3.943233460894089992e-01
4.107069073139396065e-01
4.275486305327990122e-01
4.448694202522928132e-01
4.626925637320602469e-01
4.810439932558974729e-01
4.999525809873274773e-01
5.194504714916282628e-01
5.395734579448617785e-01
5.603614091913303730e-01
5.818587562232434562e-01
6.041150483268140636e-01
6.271855912663775179e-01
6.511321824014115744e-01
6.760239608732417915e-01
7.019383949168247483e-01
7.289624333626772978e-01
7.571938546343152110e-01
7.867428544695070913e-01
8.177339237677098138e-01
8.503080808897608422e-01
8.846255396076017075e-01
9.208689158278996478e-01
9.592471049431052776e-01
1.000000000000000000e+00
