2.250069102990813474e-02
2.629639724206528015e-02
3.038570180594737588e-02
3.476865693214351710e-02
3.944531679966296195e-02
4.441574291924786644e-02
4.968000933463055657e-02
5.523820804049963534e-02
6.109045488827880704e-02
6.723689618927296274e-02
7.367771619004841177e-02
8.041314557586591583e-02
8.744347114881782790e-02
9.476904682382827905e-02
1.023903060864158748e-01
1.103077760593832723e-01
1.185220933312395725e-01
1.270340217055846432e-01
1.358444720406291606e-01
1.449545243571813136e-01
1.543654524060561195e-01
1.640787508997394450e-01
1.740961656292271675e-01
1.844197267059529688e-01
1.950517851895653687e-01
2.059950533892324909e-01
2.172526491528637971e-01
2.288281444952498800e-01
2.407256189555003756e-01
2.529497181183875121e-01
2.655057177913137112e-01
2.783995943921125926e-01
2.916381021738805868e-01
3.052288580040534161e-01
3.191804345148775424e-01
3.335024625640674034e-01
3.482057440817873939e-01
3.633023765485322576e-01
3.788058905452570402e-01
3.947314020415215730e-01
4.110957813657444282e-01
4.279178411213365729e-01
4.452185456950480957e-01
4.630212454677715694e-01
4.813519393672889279e-01
5.002395700808961454e-01
5.197163570090702622e-01
5.398181729987059363e-01
5.605849720493307764e-01
5.820612765790454946e-01
6.042967345375194199e-01
6.273467587537467915e-01
6.512732634983456892e-01
6.761455164122850414e-01
7.020411279718519193e-01
7.290472056160562930e-01
7.572617059873962830e-01
7.867950266540666426e-01
8.177718889130904945e-01
8.503335762500577877e-01
8.846406100287749208e-01
9.208759658954738248e-01
9.592489634419312239e-01
1.000000000000000000e+00
