2.168494720949884838e-02
2.527980549402209995e-02
2.914809010144989165e-02
3.328984780757920925e-02
3.770512711387984800e-02
4.239398296831498741e-02
4.735648131810823308e-02
5.259270383196277404e-02
5.810275302981771778e-02
6.388675800237875180e-02
6.994488087096532858e-02
7.627732412114907046e-02
8.288433893501173655e-02
8.976623464336808134e-02
9.692338941976214040e-02
1.043562623401021738e-01
1.120654069364468153e-01
1.200514863789575865e-01
1.283152904269204975e-01
1.368577542982590822e-01
1.456799796165060279e-01
1.547832576053496390e-01
1.641690947136049128e-01
1.738392408685144608e-01
1.837957205723459997e-01
1.940408670775549682e-01
2.045773598974056640e-01
2.154082659376652942e-01
2.265370845646063058e-01
2.379677969612760680e-01
2.497049201658349538e-01
2.617535662353711601e-01
2.741195070356768348e-01
2.868092452232620659e-01
2.998300920660628699e-01
3.131902528396504626e-01
3.268989206420723770e-01
3.409663795961218047e-01
3.554041185587300533e-01
3.702249566187976737e-01
3.854431818896226769e-01
4.010747053132538431e-01
4.171372315110441487e-01
4.336504490189889149e-01
4.506362426758144801e-01
4.681189313872708424e-01
4.861255350715318335e-01
5.046860752719812826e-01
5.238339147441071209e-01
5.436061423207738663e-01
5.640440105655946113e-01
5.851934351914201971e-01
6.071055670137975868e-01
6.298374494261255174e-01
6.534527770984724926e-01
6.780227749807955506e-01
7.036272209489891072e-01
7.303556406500970599e-01
7.583087098898381173e-01
7.875999083149756164e-01
8.183574790410899080e-01
8.507267628564870732e-01
8.848729937687965785e-01
9.209846663556928714e-01
9.592776166720122788e-01
1.000000000000000000e+00
