1.973845844657191873e-02
2.237533039033436782e-02
2.517449727047586794e-02
2.813602171423133097e-02
3.125996299116629712e-02
3.454637938255042395e-02
3.799533058346477032e-02
4.160688016290583352e-02
4.538109811757039952e-02
4.931806355869999825e-02
5.341786757590393647e-02
5.768061632100861258e-02
6.210643435539670021e-02
6.669546830367442669e-02
7.144789085584064836e-02
7.636390515939722734e-02
8.144374964425223073e-02
8.668770332021266678e-02
9.209609159185247473e-02
9.766929263283308238e-02
1.034077443651893885e-01
1.093119520901114222e-01
1.153824968189739730e-01
1.216200443559360966e-01
1.280253551869703910e-01
1.345992952324014391e-01
1.413428475250610161e-01
1.482571248821953902e-01
1.553433836392563716e-01
1.626030385279629287e-01
1.700376787800535472e-01
1.776490855517185441e-01
1.854392507690093561e-01
1.934103975078904081e-01
2.015650020322488079e-01
2.099058176280976518e-01
2.184359003869467131e-01
2.271586371090952572e-01
2.360777755199132411e-01
2.451974570107389728e-01
2.545222521484277745e-01
2.640571992255617007e-01
2.738078461555464305e-01
2.837802960641715444e-01
2.939812569684414623e-01
3.044180959931820918e-01
3.150988986331475505e-01
3.260325336425570764e-01
3.372287242172564703e-01
3.486981262277059623e-01
3.604524143777275702e-01
3.725043772907143391e-01
3.848680226775358371e-01
3.975586939219489246e-01
4.105931996235888115e-01
4.239899578938435831e-01
4.377691574814389641e-01
4.519529381553032965e-01
4.665655931887617291e-01
4.816337972649441523e-01
4.971868637189342799e-01
5.132570357400693117e-01
5.298798169927537716e-01
5.470943481580461398e-01
5.649438371368428191e-01
5.834760521818955770e-01
6.027438891108432006e-01
6.228060260436764084e-01
6.437276819732183908e-01
6.655814990449094859e-01
6.884485728673933602e-01
7.124196608032220546e-01
7.375966053033593539e-01
7.640940184106492783e-01
7.920412852494562728e-01
8.215849593690622843e-01
8.528916424634312987e-01
8.861514668507873838e-01
9.215823332570348692e-01
9.594351023255316413e-01
1.000000000000000000e+00
