2.193488768623560320e-02
2.526819663232019592e-02
2.883501858834968887e-02
3.263540123646056085e-02
3.666939313031788300e-02
4.093704777882701401e-02
4.543842753616401942e-02
5.017360755965766250e-02
5.514268002380422196e-02
6.034575873500330756e-02
6.578298426495776674e-02
7.145452970580812302e-02
7.736060714086392953e-02
8.350147492103432434e-02
8.987744583533939513e-02
9.648889626459429547e-02
1.033362764093587877e-01
1.104201216865813850e-01
1.177410653935489077e-01
1.252998527424544484e-01
1.330973563760673439e-01
1.411345934807747005e-01
1.494127446222846545e-01
1.579331744388725867e-01
1.666974543367241435e-01
1.757073873466299119e-01
1.849650353132627767e-01
1.944727486068900668e-01
2.042331985655748139e-01
2.142494128991165314e-01
2.245248143110903094e-01
2.350632626244433532e-01
2.458691007345995272e-01
2.569472047474529730e-01
2.683030387135156292e-01
2.799427144201310780e-01
2.918730567633039397e-01
3.041016753021180685e-01
3.166370426773614244e-01
3.294885806765212033e-01
3.426667548449751077e-01
3.561831786812572065e-01
3.700507286054864897e-01
3.842836710876468276e-01
3.988978035330893457e-01
4.139106107897699838e-01
4.293414394413322399e-01
4.452116924206930837e-01
4.615450469086508911e-01
4.783676989968078663e-01
4.957086392169071654e-01
5.135999637797294959e-01
5.320772272596672181e-01
5.511798435529690066e-01
5.709515432494092213e-01
5.914408971771357715e-01
6.127019178393794396e-01
6.347947529237935038e-01
6.577864880507191536e-01
6.817520797124254628e-01
7.067754440370427327e-01
7.329507329442634944e-01
7.603838367823007038e-01
7.891941620800242418e-01
8.195167453747702613e-01
8.515047799859798427e-01
8.853326533016830924e-01
9.211996194553363493e-01
9.593342683046109931e-01
1.000000000000000000e+00
