2.146500564696921312e-02
2.553811265274294820e-02
2.996218752106872066e-02
3.473730816160866541e-02
3.986355083962150880e-02
4.534099617600220733e-02
5.116973550578235441e-02
5.734987776468546822e-02
6.388155709896758960e-02
7.076494140482195161e-02
7.800024200626912152e-02
8.558772467992235844e-02
9.352772223485394942e-02
1.018206488563734163e-01
1.104670164262725185e-01
1.194674530376000354e-01
1.288227239289806147e-01
1.385337550758758418e-01
1.486016596858405758e-01
1.590277678627883828e-01
1.698136597212296373e-01
1.809612022526162212e-01
1.924725902718510129e-01
2.043503917978600204e-01
2.165975982590551130e-01
2.292176799495768413e-01
2.422146472131474770e-01
2.555931178796012060e-01
2.693583915483483415e-01
2.835165313810653620e-01
2.980744541608072451e-01
3.130400294715752763e-01
3.284221889775501557e-01
3.442310469249184601e-01
3.604780331565729523e-01
3.771760401315528699e-01
3.943395856842440983e-01
4.119849935245053496e-01
4.301305938352937286e-01
4.487969467068581020e-01
4.680070916242777823e-01
4.877868268039755595e-01
5.081650228383606249e-01
5.291739759529535680e-01
5.508498071368658211e-01
5.732329146481032200e-01
5.963684888173342857e-01
6.203070998897359800e-01
6.451053717991904746e-01
6.708267575012104578e-01
6.975424348029848343e-01
7.253323458048819283e-01
7.542864082710656337e-01
7.845059338080274669e-01
8.161052960459952432e-01
8.492139026075937736e-01
8.839785382815853465e-01
9.205661644199003568e-01
9.591672824973760392e-01
1.000000000000000000e+00
