9.295460027310983864e-02 3.155306489161712191e-01 9.409999999999999476e-01 1.001068603237422177e-03
1.083283053775416643e-01 2.832664759776716279e-01 8.639999999999999902e-01 1.166505053326829036e-03
5.072325679276553645e-01 2.382508285950573068e-01 6.959999999999999520e-01 5.460629867030502779e-03
6.271218632490346834e-02 3.815359802828668379e-01 6.889999999999999458e-01 6.761887995670430931e-04
7.526316999280964481e-02 3.355136243696200116e-01 8.709999999999999964e-01 8.107797749284306396e-04
1.595418591856775370e-01 2.318654150571322348e-01 9.170000000000000373e-01 1.717737158189547829e-03
6.203587760754282199e-01 3.216777082313128644e-01 8.359999999999999654e-01 6.678464710128375649e-03
1.860834251461825350e-01 2.717397293503093780e-01 6.600000000000000311e-01 2.003440252611220999e-03
4.034288004572041952e-01 3.540161486113886369e-01 7.520000000000000018e-01 4.343158992095323169e-03
1.710926287816826319e-01 3.073646318804913458e-01 6.139999999999999902e-01 1.842072728712722046e-03
1.346679621557255735e-01 3.438351244676688956e-01 1.046000000000000041e+00 1.449996833740805832e-03
2.557990144959309542e-01 2.435895552688297216e-01 6.939999999999999503e-01 2.753911702364206238e-03
2.219772889468971111e-01 3.229533055635867567e-01 9.959999999999999964e-01 2.389825611903253696e-03
2.439389145130109737e-01 2.880160224058156970e-01 9.769999999999999796e-01 2.626238860170204952e-03
7.023783623916074470e-02 2.023459330086947727e-01 5.659999999999999476e-01 7.567815946083996173e-04
2.363813342104411630e-01 3.881983793043023989e-01 6.939999999999999503e-01 2.544882517635249815e-03
4.806237022404875048e-01 3.403413013800862252e-01 1.022999999999999909e+00 5.174178830943096212e-03
2.964674750443815898e-01 2.352210838077694877e-01 1.046000000000000041e+00 3.191707096957353395e-03
1.373677800156958284e-01 3.564104447311702284e-01 8.319999999999999618e-01 1.479056629146918234e-03
1.800059053949678578e-01 2.994359938721368741e-01 5.060000000000000053e-01 1.938018854059377375e-03
3.741744172039977445e-01 2.971781949925553779e-01 8.379999999999999671e-01 4.028230476239639569e-03
1.538922518863085620e-01 3.119839775941842808e-01 5.610000000000000542e-01 1.656924076600875323e-03
9.805241528252983674e-02 3.005640061278631037e-01 7.690000000000000169e-01 1.055922022229968020e-03
1.293088913936971673e-01 2.983076270552434961e-01 5.959999999999999742e-01 1.392314638328658776e-03
4.280036457577662823e-01 2.868431296697938060e-01 8.060000000000000497e-01 4.607712066050501792e-03
1.109167024298013393e-01 3.762928969622461595e-01 7.069999999999999618e-01 1.194361739827794850e-03
1.740381761282205897e-01 3.204192985576445607e-01 5.959999999999999742e-01 1.873779688568725154e-03
1.187363072248373841e-01 3.143387713783968862e-01 8.060000000000000497e-01 1.278520696746481911e-03
1.483174154839111414e-01 2.613172186091139992e-01 8.379999999999999671e-01 1.596916459285671868e-03
2.185073916317136211e-01 2.903384294399214971e-01 7.069999999999999618e-01 2.352472961887967697e-03
1.031757650061800730e-01 3.976540669913051773e-01 1.022999999999999909e+00 1.111054761119974329e-03
3.302143714737155733e-01 3.325115573367627975e-01 7.700000000000000178e-01 3.554994814872840768e-03
3.016199469043693848e-01 2.184640197171330844e-01 6.600000000000000311e-01 3.247173677129933621e-03
3.181377916587515009e-01 2.503621849710180869e-01 6.480000000000000204e-01 3.424989342208867825e-03
2.683952083113136378e-01 3.016923729447564817e-01 7.920000000000000373e-01 2.889509051928760078e-03
3.124389057900469058e-01 2.118016206956975234e-01 1.022999999999999909e+00 3.363640409278160614e-03
1.954276107643526106e-01 3.242476213625302695e-01 9.190000000000000391e-01 2.104026331276401436e-03
7.777950527137324210e-02 2.596586986199137526e-01 8.359999999999999654e-01 8.378329989210485775e-04
1.567073046295998640e-01 2.579434819016933611e-01 6.939999999999999503e-01 1.687225583833247252e-03
9.550053949575473822e-02 3.589760600475657704e-01 6.939999999999999503e-01 1.028462714641014937e-03
3.504363701261962727e-01 2.644863756303799662e-01 9.190000000000000391e-01 3.772686965393828168e-03
3.831684725771477007e-01 2.856612286216030916e-01 9.479999999999999538e-01 4.125052952748085866e-03
3.928705378643034263e-01 2.731007943280884809e-01 8.139999999999999458e-01 4.229497365103239773e-03
1.891664255669311401e-01 3.370752133652350491e-01 6.640000000000000346e-01 2.036627319009237484e-03
1.770089012840597165e-01 2.523845272041850274e-01 9.409999999999999476e-01 1.905757780522421545e-03
1.681712076333371497e-01 2.674884426632371803e-01 6.640000000000000346e-01 1.810625585323371971e-03
1.319818721600024281e-01 2.543150085052337528e-01 7.489999999999999991e-01 1.421085049876740425e-03
5.454278341235546668e-01 3.617491714049426710e-01 6.600000000000000311e-01 5.871811937482813819e-03
1.428111730149451697e-01 3.167335240223283499e-01 8.169999999999999485e-01 1.537647890544854281e-03
2.517703438880528610e-01 2.660063238137788666e-01 8.139999999999999458e-01 2.710543390796855967e-03
1.239998736871450180e-01 3.028218050074445999e-01 6.229999999999999982e-01 1.335172364285386283e-03
7.274941420113154034e-02 3.282602706496905998e-01 7.630000000000000115e-01 7.837626912241478202e-04
9.041415932870008887e-02 2.844693510838287587e-01 8.249999999999999556e-01 9.737352063808523903e-04
1.986086955191835313e-01 2.280813087034732067e-01 7.700000000000000178e-01 2.138269489845756773e-03
2.254969662621547077e-01 3.296476961731284461e-01 6.939999999999999503e-01 2.427714198284215523e-03
2.818822253931977939e-01 2.744376825747457671e-01 7.510000000000000009e-01 3.034696585618902251e-03
1.006106728647109816e-01 2.795807014423554171e-01 1.022999999999999909e+00 1.083451130539135306e-03
2.599091836208070605e-01 2.960469822946857898e-01 8.639999999999999902e-01 2.798157396248132298e-03
2.083730828119149669e-01 2.937763106417367598e-01 5.959999999999999742e-01 2.243379851575213763e-03
2.150848697679126897e-01 2.770466944364132211e-01 8.289999999999999591e-01 2.315630364432033541e-03
1.922806836839272560e-01 2.561648755323310822e-01 7.069999999999999618e-01 2.070150948748374770e-03
3.366420618704953904e-01 2.891808285985961180e-01 7.910000000000000364e-01 3.624189578947437616e-03
1.213626868132324371e-01 3.456849914947662250e-01 5.659999999999999476e-01 1.306788178424968510e-03
2.772760958934996633e-01 3.255623174252542107e-01 1.022999999999999909e+00 2.985111615983729230e-03
1.455560885242097036e-01 2.689361029230134537e-01 7.910000000000000364e-01 1.567193755312750207e-03
2.290689953403429180e-01 3.647789161922305179e-01 8.129999999999999449e-01 2.466166404906002928e-03
2.018255104627034169e-01 2.459838513886113409e-01 7.069999999999999618e-01 2.172897350087776500e-03
2.866097388896256537e-01 2.629247866347649287e-01 7.249999999999999778e-01 3.085588309782720529e-03
8.282153574512098049e-02 2.757523786374697083e-01 1.046000000000000041e+00 8.920566192436946368e-04
4.427272676499813264e-01 3.268992056719114969e-01 8.910000000000000142e-01 4.766214992203048409e-03
2.117074711765705719e-01 3.191766603528575219e-01 6.939999999999999503e-01 2.279273576153766686e-03
1.510958841847310219e-01 3.517657221169203652e-01 8.910000000000000142e-01 1.626823852546849638e-03
4.598829147596853462e-01 2.237071030377538738e-01 7.910000000000000364e-01 4.950899373140205291e-03
2.326961318529116585e-01 3.476154727958149504e-01 8.439999999999999725e-01 2.505211895814907306e-03
4.150448907450711156e-01 3.096615705600784807e-01 9.769999999999999796e-01 4.468208441816372972e-03
3.657761312771752316e-01 2.808233396471424559e-01 8.439999999999999725e-01 3.937821635864553055e-03
3.240552623666775323e-01 3.339936761862211112e-01 7.520000000000000018e-01 3.488691418345359150e-03
3.433701088311300054e-01 2.410239399524342074e-01 9.479999999999999538e-01 3.696617779438697311e-03
6.772803686654615962e-02 4.159123186597004640e-01 6.939999999999999503e-01 7.298404515136633092e-04
1.623967651543387070e-01 3.310638970769865241e-01 9.959999999999999964e-01 1.748467937999786644e-03
1.135138330481824526e-01 1.840876813402994583e-01 1.022999999999999909e+00 1.222313005083178281e-03
8.029882456662321144e-02 2.783222917686871134e-01 8.439999999999999725e-01 8.649243197440820022e-04
8.787878475643016996e-02 2.926353681195086320e-01 1.022999999999999909e+00 9.464581757119491789e-04
2.641060266777758847e-01 3.420565180983066167e-01 8.910000000000000142e-01 2.843336185870140153e-03
2.914679973753905307e-01 3.108191714014038598e-01 8.439999999999999725e-01 3.137887561279667070e-03
6.521961881095125757e-02 2.820515220460948491e-01 7.249999999999999778e-01 7.029549752909808888e-04
8.534805048407420602e-02 3.131568703302061718e-01 8.439999999999999725e-01 9.192333162689004860e-04
1.400819639464488675e-01 3.039530177053142435e-01 9.479999999999999538e-01 1.508271288475186494e-03
1.652729072274071176e-01 3.062236893582632180e-01 6.460000000000000187e-01 1.779427439910068968e-03
3.578864723679900939e-01 3.496378150289818909e-01 8.439999999999999725e-01 3.852888319212273427e-03
1.057481526144188333e-01 3.050867343290054046e-01 8.439999999999999725e-01 1.138737751064135923e-03
1.161201973828991096e-01 3.085103291822756666e-01 8.129999999999999449e-01 1.250364171717847960e-03
2.050797189265404219e-01 2.949132656709945732e-01 9.489999999999999547e-01 2.207927815790236732e-03
2.727829478079603076e-01 2.914896708177243112e-01 7.920000000000000373e-01 2.936742945617443288e-03
2.401277848685228755e-01 2.482342778830796404e-01 7.520000000000000018e-01 2.585212528768599579e-03
3.069387179848136471e-01 3.681345849428677708e-01 8.910000000000000142e-01 3.304430533467782229e-03
1.266484195846139249e-01 2.703523038268715317e-01 9.479999999999999538e-01 1.363679159993607575e-03
2.478184296080497839e-01 3.179484779539051287e-01 8.910000000000000142e-01 2.668001411654281549e-03
1.830303428204815286e-01 3.386827813908860341e-01 7.920000000000000373e-01 1.970575331752716462e-03
1.000000000000000056e-01 2.999999999999999889e-01 7.920000000000000373e-01 1.076879658006984391e-03
0.000000000000000000e+00 2.999999999999999889e-01 8.910000000000000142e-01 1.705987066860612474e-05
