9.295460027310983864e-02 3.155306489161712191e-01 2.494873113118191821e+00
1.083283053775416643e-01 2.832664759776716279e-01 2.359526493556645566e+00
5.072325679276553645e-01 2.382508285950573068e-01 2.717388655130116959e+00
6.271218632490346834e-02 3.815359802828668379e-01 2.200371399648778148e+00
7.526316999280964481e-02 3.355136243696200116e-01 1.565949721264277450e+00
1.595418591856775370e-01 2.318654150571322348e-01 1.862044266696452288e+00
6.203587760754282199e-01 3.216777082313128644e-01 1.982865331843701506e+00
1.860834251461825350e-01 2.717397293503093780e-01 2.532244199834599030e+00
4.034288004572041952e-01 3.540161486113886369e-01 1.596569160924312669e+00
1.710926287816826319e-01 3.073646318804913458e-01 2.447464705202873070e+00
1.346679621557255735e-01 3.438351244676688956e-01 2.032369006079450813e+00
2.557990144959309542e-01 2.435895552688297216e-01 2.143565825507842693e+00
2.219772889468971111e-01 3.229533055635867567e-01 1.939326861054892603e+00
2.439389145130109737e-01 2.880160224058156970e-01 2.370779469736202127e+00
7.023783623916074470e-02 2.023459330086947727e-01 2.307533873211899067e+00
2.363813342104411630e-01 3.881983793043023989e-01 2.192098092311443480e+00
4.806237022404875048e-01 3.403413013800862252e-01 2.151552423163439531e+00
2.964674750443815898e-01 2.352210838077694877e-01 1.817610890339396601e+00
1.373677800156958284e-01 3.564104447311702284e-01 1.667755800165401370e+00
1.800059053949678578e-01 2.994359938721368741e-01 1.646547586654386608e+00
3.741744172039977445e-01 2.971781949925553779e-01 2.783578468939136741e+00
1.538922518863085620e-01 3.119839775941842808e-01 2.048447576836560646e+00
9.805241528252983674e-02 3.005640061278631037e-01 1.974360654322663944e+00
1.293088913936971673e-01 2.983076270552434961e-01 2.234236622470002764e+00
4.280036457577662823e-01 2.868431296697938060e-01 2.072328876062800695e+00
1.109167024298013393e-01 3.762928969622461595e-01 2.040427695724070567e+00
1.740381761282205897e-01 3.204192985576445607e-01 2.056434174492157485e+00
1.187363072248373841e-01 3.143387713783968862e-01 2.007901907688556697e+00
1.483174154839111414e-01 2.613172186091139992e-01 1.872419098642660318e+00
2.185073916317136211e-01 2.903384294399214971e-01 1.930266650462288291e+00
1.031757650061800730e-01 3.976540669913051773e-01 2.260673138945107574e+00
3.302143714737155733e-01 3.325115573367627975e-01 1.999628600351221808e+00
3.016199469043693848e-01 2.184640197171330844e-01 2.419794940463363631e+00
3.181377916587515009e-01 2.503621849710180869e-01 2.088153389386704362e+00
2.683952083113136378e-01 3.016923729447564817e-01 2.111846610613295816e+00
3.124389057900469058e-01 2.118016206956975234e-01 2.634050278735723172e+00
1.954276107643526106e-01 3.242476213625302695e-01 1.902178105452165591e+00
7.777950527137324210e-02 2.596586986199137526e-01 2.433308309570704875e+00
1.567073046295998640e-01 2.579434819016933611e-01 2.135607140303038332e+00
9.550053949575473822e-02 3.589760600475657704e-01 2.462360054818442556e+00
3.504363701261962727e-01 2.644863756303799662e-01 2.167630993920549365e+00
3.831684725771477007e-01 2.856612286216030916e-01 1.416421531060863437e+00
3.928705378643034263e-01 2.731007943280884809e-01 1.892466126788100889e+00
1.891664255669311401e-01 3.370752133652350491e-01 2.576942094600074729e+00
1.770089012840597165e-01 2.523845272041850274e-01 2.064392859696962290e+00
1.681712076333371497e-01 2.674884426632371803e-01 1.921063778023220481e+00
1.319818721600024281e-01 2.543150085052337528e-01 1.288613769382096486e+00
5.454278341235546668e-01 3.617491714049426710e-01 2.337955733303548111e+00
1.428111730149451697e-01 3.167335240223283499e-01 2.159572304275929611e+00
2.517703438880528610e-01 2.660063238137788666e-01 1.957064910096488086e+00
1.239998736871450180e-01 3.028218050074445999e-01 2.317447279538905835e+00
7.274941420113154034e-02 3.282602706496905998e-01 2.288294439703380867e+00
9.041415932870008887e-02 2.844693510838287587e-01 2.175734199809827185e+00
1.986086955191835313e-01 2.280813087034732067e-01 1.687167579667039563e+00
2.254969662621547077e-01 3.296476961731284461e-01 2.406845871273682658e+00
2.818822253931977939e-01 2.744376825747457671e-01 2.208714542413198867e+00
1.006106728647109816e-01 2.795807014423554171e-01 2.016112156840710323e+00
2.599091836208070605e-01 2.960469822946857898e-01 2.670751861980068309e+00
2.083730828119149669e-01 2.937763106417367598e-01 2.297821894547834365e+00
2.150848697679126897e-01 2.770466944364132211e-01 1.529248138019931869e+00
1.922806836839272560e-01 2.561648755323310822e-01 2.251743957619189995e+00
3.366420618704953904e-01 2.891808285985961180e-01 2.127671123937199926e+00
1.213626868132324371e-01 3.456849914947662250e-01 1.948256042380809960e+00
2.772760958934996633e-01 3.255623174252542107e-01 2.080247364947887867e+00
1.455560885242097036e-01 2.689361029230134537e-01 2.183887843159289854e+00
2.290689953403429180e-01 3.647789161922305179e-01 2.327580901357340082e+00
2.018255104627034169e-01 2.459838513886113409e-01 2.553452413345613792e+00
2.866097388896256537e-01 2.629247866347649287e-01 1.840473506443354612e+00
8.282153574512098049e-02 2.757523786374697083e-01 1.829220530263798050e+00
4.427272676499813264e-01 3.268992056719114969e-01 2.603430839075687953e+00
2.117074711765705719e-01 3.191766603528575219e-01 2.911386230617903692e+00
1.510958841847310219e-01 3.517657221169203652e-01 2.242935089903512313e+00
4.598829147596853462e-01 2.237071030377538738e-01 1.766691690429295303e+00
2.326961318529116585e-01 3.476154727958149504e-01 1.482611344869882775e+00
4.150448907450711156e-01 3.096615705600784807e-01 2.348595370587340359e+00
3.657761312771752316e-01 2.808233396471424559e-01 1.705126886881808135e+00
3.240552623666775323e-01 3.339936761862211112e-01 1.752535294797126886e+00
3.433701088311300054e-01 2.410239399524342074e-01 2.225639345677336234e+00
6.772803686654615962e-02 4.159123186597004640e-01 1.623057905399925893e+00
1.623967651543387070e-01 3.310638970769865241e-01 2.103948042895042114e+00
1.135138330481824526e-01 1.840876813402994583e-01 1.793154128726317742e+00
8.029882456662321144e-02 2.783222917686871134e-01 2.382389109660603577e+00
8.787878475643016996e-02 2.926353681195086320e-01 1.737639945181557621e+00
2.641060266777758847e-01 3.420565180983066167e-01 2.478113040279720902e+00
2.914679973753905307e-01 3.108191714014038598e-01 2.269733349537712108e+00
6.521961881095125757e-02 2.820515220460948491e-01 1.882552720461094342e+00
8.534805048407420602e-02 3.131568703302061718e-01 1.991285457586801311e+00
1.400819639464488675e-01 3.039530177053142435e-01 2.119752635052112311e+00
1.652729072274071176e-01 3.062236893582632180e-01 2.217134668156298449e+00
3.578864723679900939e-01 3.496378150289818909e-01 1.780205059536636325e+00
1.057481526144188333e-01 3.050867343290054046e-01 1.911705560296619311e+00
1.161201973828991096e-01 3.085103291822756666e-01 1.805604373311853861e+00
2.050797189265404219e-01 2.949132656709945732e-01 2.096051957104958063e+00
2.727829478079603076e-01 2.914896708177243112e-01 1.721886959720279497e+00
2.401277848685228755e-01 2.482342778830796404e-01 2.394395626688146539e+00
3.069387179848136471e-01 3.681345849428677708e-01 2.512832420332960393e+00
1.266484195846139249e-01 2.703523038268715317e-01 1.965763377529997413e+00
2.478184296080497839e-01 3.179484779539051287e-01 2.278936221976779475e+00
1.830303428204815286e-01 3.386827813908860341e-01 2.024265800190172993e+00
1.000000000000000056e-01 2.999999999999999889e-01 2.100000000000000089e+00
0.000000000000000000e+00 2.999999999999999889e-01 2.100000000000000089e+00
